0.
0.70299995000025
0.7059996000079999
0.7089986500607487
0.7119968002559902
0.7149937507812034
0.7179892019438333
0.7209828542012597
0.7239744081907518
0.7269635647594033
0.7299500249940484
0.7329334902511524
0.7359136621866758
0.7388902427859084
0.7418629343932709
0.7448314397420798
0.7477954619842737
0.7507547047200988
0.7537088720277472
0.7566576684929501
0.7596007992385183
0.7625379699538298
0.7654688869242607
0.7683932570605565
0.7713107879281403
0.7742211877763568
0.7771241655676465
0.7800194310066493
0.7829066945692341
0.7857856675314506
0.7886560619984018
0.791517590933033
0.7943699681848353
0.7972129085184605
0.8000461276422443
0.8028693422366354
0.8056822699825269
0.8084846295894885
0.8112761408238948
0.8140565245369484
0.8168255026925951
0.8195827983953268
0.822328135917871
0.8250612407287632
0.8277818395197998
0.830489660233369
0.8331844320896559
0.8358658856137204
0.8385337526624448
0.8411877664513474
0.8438276615812609
0.8464531740648722
0.849064041353121
0.851660002361454
0.8542407974959338
0.8568061686791977
0.8593558593762649
0.8618896146201908
0.864407181037562
0.866908306873835
0.8693927420185106
0.8718602380301443
0.8743105481611915
0.8767434273826809
0.8791586324087176
0.8815559217208118
0.8839350555920301
0.8862957961109679
0.8886379072055406
0.8909611546665903
0.8932653061713073
0.8955501313064609
0.8978154015914419
0.9000608905011094
0.9022863734884434
0.9044916280070002
0.9066764335331654
0.908840571588207
0.910983825760123
0.9131059817252822
0.9152068272698568
0.9172861523110427
0.9193437489180687
0.9213794113329887
0.9233929359912577
0.9253841215420877
0.927352768868583
0.9292986811076515
0.9312216636696907
0.9331215242580471
0.934998072888245
0.936851121906985
0.9386804860109097
0.9404859822651331
0.9422674301215342
0.944024651436812
0.9457574704902995
0.947465714001535
0.9491492111475911
0.9508077935801561
0.9524412954423689
0.9540495533854045
0.9556324065848089
0.9571896967565809
0.9587212681730015
0.960226967678205
0.9617066447034959
0.9631601512824044
0.9645873420654842
0.9659880743348461
0.9673622080184305
0.9687096057040142
0.9700301326529515
0.9713236568136477
0.972590048834765
0.9738291820781563
0.97504093263153
-0.4237748206791593
-0.4226181962775939
-0.42148930982524996
-0.4203882742098321
-0.41931519953398416
-0.4182701931042797
-0.41725335942049074
-0.4162648001651383
-0.4153046141933241
-0.41437289752284523
-0.4134697433245923
-0.4125952419132325
-0.4117494807381782
-0.41093254437484206
-0.4101445145161798
-0.4093854699645204
-0.4086554866236866
-0.40795463749140415
-0.40728299265200224
-0.4066406192694051
-0.4060275815804157
-0.40544394088829205
-0.404889755556617
-0.4043650810034619
-0.4038699696958449
-0.403404471144484
-0.40296863189884663
-0.402562495542494
-0.4021861026887234
-0.4018394909765065
-0.40152269506672567
-0.401235746638708
-0.4009786743870569
-0.4007515040187836
-0.40055425825073554
-0.40038695680732506
-0.40024961641855716
-0.40014225081835625
-0.40006487074319286
-0.40001748393101005
-0.4000000951204496
-0.4000127060503779
-0.40005531545971273
-0.4001279190875484
-0.4002305096735828
-0.40036307695884277
-0.40052560768671025
-0.4007180856042479
-0.4009404914638243
-0.40119280302503896
-0.4014749950569459
-0.4017870393405772
-0.40212890467176443
-0.4025005568642594
-0.40290195875315254
-0.40333307019858955
-0.403793848089785
-0.4042842463493339
-0.4048042159378189
-0.4053537048587144
-0.4059326581635863
-0.40654101795758657
-0.4071787234052427
-0.4078457107365414
-0.40854191325330536
-0.40926726133586305
-0.4100216824500107
-0.41080510115426555
-0.41161743910741
-0.4124586150763257
-0.4133285449441168
-0.4142271417185214
-0.41515431554061083
-0.4161099736937756
-0.41709402061299683
-0.4181063578944025
-0.41914688430510816
-0.42021549579333983
-0.4213120854988392
-0.4224365437635495
-0.42358875814258135
-0.424768613415457
-0.4259759915976324
-0.42721077195229545
-0.4284728310024397
-0.42976204254321176
-0.43107827765453205
-0.4324214047139861
-0.43379128940998735
-0.43518779475520775
-0.4366107811002765
-0.43806010614774504
-0.43953562496631615
-0.44103719000533786
-0.4425646511095573
-0.44411785553413713
-0.445696647959929
-0.44730087050900624
-0.4489303627604507
-0.45058496176639506
-0.45226450206831753
-0.4539688157135877
-0.4556977322722612
-0.45745107885412295
-0.4592286801259758
-0.461030358329174
-0.46285593329739855
-0.46470522247467405
-0.4665780409336236
-0.46847420139396223
-0.47039351424122394
-0.4723357875457234
-0.4743008270817487
-0.4762884363469839
-0.4782984165821587
-0.48033056679092456
0.9176153162400458
0.9155394379207378
0.9134420058372532
0.9113232297310527
0.9091833214779813
0.9070224950670809
0.9048409665791919
0.9026389541653452
0.9004166780249472
0.8981743603837602
0.8959122254716794
0.8936304995003111
0.8913294106403511
0.8890091889987676
0.8866700665957913
0.8843122773417135
0.8819360570134944
0.8795416432311869
0.8771292754341737
0.8746991948572245
0.8722516445063716
0.8697868691346108
0.8673051152174249
0.8648066309281379
0.8622916661130965
0.8597604722666863
0.8572133025061828
0.8546504115464392
0.852072055674416
0.8494784927235515
0.8468699820479798
0.8442467844965944
0.8416091623869647
0.8389573794791035
0.8362917009490919
0.8336123933625613
0.8309197246480379
0.8282139640701489
0.8254953822026976
0.8227642509016051
0.8200208432777258
0.8172654336695356
0.8144982976156995
0.8117197118275166
0.8089299541612505
0.8061293035903427
0.803318040177517
0.8004964450467713
0.797664800355268
0.7948233892651161
0.7919724959150568
0.7891124053920496
0.7862434037027632
0.783365777744976
0.7804798152788853
0.7775858048983332
0.7746840360019457
0.7717747987641946
0.7688583841063792
0.765935083667535
0.7630051897752697
0.7600689954165312
0.7571267942083081
0.7541788803682699
0.7512255486853435
0.7482670944902367
0.7453038136259031
0.7423360024179602
0.7393639576450551
0.7363879765091889
0.7334083566059948
0.7304253958949805
0.727439392669731
0.7244506455280807
0.7214594533422529
0.7184661152289739
0.7154709305195603
0.7124741987299871
0.7094762195309361
0.7064772927178288
0.7034777181808475
0.700477795874946
0.6974778257898554
0.6944781079200838
0.6914789422349188
0.6884806286484293
0.6854834669894757
0.6824877569717259
0.6794937981636856
0.6765018899587404
0.6735123315452177
0.6705254218764674
0.6675414596409674
0.6645607432324546
0.661583570720086
0.6586102398186318
0.6556410478587044
0.6526762917570254
0.6497162679867344
0.6467612725477417
0.643811600937129
0.640867548119599
0.6379294084979801
0.6349974758837861
0.6320720434678351
0.6291534037909309
0.6262418487146089
0.6233376693919506
0.620441156238468
0.6175525989030628
0.6146722862390612
0.6118005062753297
0.6089375461874712
0.6060836922691089
0.6032392299032563
0.6004044435337798
0.5975796166369537
-0.8052349683068859
-0.8080390298415905
-0.8108322875633431
-0.8136144621486994
-0.816385275382519
-0.819144450185788
-0.821891710643325
-0.8246267820313739
-0.8273493908450748
-0.8300592648258153
-0.8327561329884556
-0.835439725648427
-0.8381097744486994
-0.8407660123866181
-0.8434081738406028
-0.8460359945967098
-0.8486492118750535
-0.8512475643560834
-0.8538307922067171
-0.8563986371063219
-0.858950842272548
-0.8614871524870052
-0.8640073141207861
-0.8665110751598271
-0.868998185230111
-0.8714683956227031
-0.8739214593186229
-0.8763571310135447
-0.8787751671423292
-0.8811753259033781
-0.8835573672828158
-0.8859210530784889
-0.888266146923788
-0.8905924143112827
-0.8928996226161726
-0.8951875411195501
-0.8974559410314714
-0.8997045955138357
-0.9019332797030685
-0.9041417707326082
-0.9063298477551921
-0.9084972919649416
-0.9106438866192416
-0.9127694170604158
-0.9148736707371912
-0.9169564372259535
-0.9190175082517898
-0.921056677709315
-0.9230737416832824
-0.9250684984689757
-0.9270407485923784
-0.928990294830122
-0.9309169422292073
-0.9328204981264996
-0.9347007721679959
-0.9365575763278584
-0.9383907249272192
-0.9402000346527453
-0.9419853245749721
-0.9437464161663952
-0.945483133319323
-0.9471953023634877
-0.9488827520834112
-0.950545313735528
-0.9521828210650582
-0.9537951103226339
-0.9553820202806722
-0.9569433922495003
-0.9584790700932221
-0.9599889002453332
-0.9614727317240763
-0.9629304161475404
-0.9643618077484976
-0.9657667633889808
-0.9671451425745965
-0.9684968074685749
-0.9698216229055532
-0.9711194564050916
-0.9723901781849216
-0.973633661173924
-0.9748497810248364
-0.9760384161266871
-0.9771994476169563
-0.9783327593934625
-0.9794382381259727
-0.9805157732675347
-0.9815652570655323
-0.9825865845724602
-0.983579653656419
-0.9845443650113277
-0.9854806221668548
-0.9863883314980648
-0.9872674022347813
-0.988117746470663
-0.9889392791719949
-0.9897319181861917
-0.990495584250012
-0.9912302009974865
-0.9919356949675522
-0.9926119956113999
-0.993259035299529
-0.99387674932851
-0.9944650759274546
-0.9950239562641932
-0.9955533344511578
-0.9960531575509709
-0.9965233755817391
-0.9969639415220511
-0.99737481131568
-0.9977559438759889
-0.9981073010900393
-0.9984288478224026
-0.9987205519186735
-0.9989823842086856
-0.999214318509428
-0.9994163316276639
0.4004115966377503
0.4002694834938445
0.4001573431518148
0.4000751868256018
0.40002302273076973
0.4000008560836846
0.40000868910099263
0.40004652099939864
0.40011434799574436
0.40021216330738657
0.40033995715287574
0.4004977167529337
0.400685426331732
0.4009030671184691
0.4011506173492478
0.4014280522692512
0.40173534413521855
0.40207246221821935
0.4024393728067262
0.402836039209986
0.403262421761689
0.4037184778239354
0.4042041617914989
0.4047194250963875
0.4052642162127002
0.4058384806617793
0.4064421610176584
0.407075196912805
0.4077375250441572
0.4084290791794537
0.40914979016385733
0.40989958592687015
0.41067839148954083
0.41148612897196196
0.41232271760105843
0.41318807371866456
0.4140821107898897
0.41500473941177174
0.4159558673222173
0.41693539940922797
0.4179432377204115
0.4189792814727763
0.42004342706281067
0.42113556807684244
0.42225559530168033
0.42340339673553506
0.42457885759921987
0.4257818603476279
0.4270122846814868
0.42827000755938865
0.42955490321009354
0.43086684314510726
0.4322056961715296
0.4335713284051737
0.434963603283954
0.436382381581543
0.4378275214212933
0.43929887829042513
0.44079630505447764
0.4423196519720224
0.443868766709637
0.44544349435713876
0.447043677443075
0.44866915595047063
0.4503197673328296
0.45199534653038925
0.4536957259866259
0.45542073566501096
0.45717020306601414
0.4589439532443534
0.46074180882648863
0.46256359002836017
0.46440911467336576
0.46627819821057903
0.4681706537332038
0.4700862919972647
0.47202492144053165
0.473986348201676
0.4759703761396563
0.47797680685333166
0.48000543970130305
0.4820560718219761
0.48412849815384773
0.4862225114560115
0.4883379023288824
0.4904744592351359
0.492631968520862
0.4948102144369298
0.4970089791605629
0.49922804281712135
0.5014671835020889
0.5037261773032625
0.5060047983231449
0.5083028187015328
0.5106200086383037
0.5129561364163944
0.515310968424974
0.5176842691828042
0.5200758013617868
0.5224853258106972
0.5249126015790978
0.5273573859414348
0.5298194344213094
0.5322985008159253
0.5347943372207087
0.537306694054099
0.5398353200825067
0.5423799624454362
0.5449403666807713
0.5475162767502225
0.5501074350649292
0.5527135825112197
0.5553344584765205
0.5579698008754195
0.5606193461758727
0.5632828294255585
-0.834040015721629
-0.831349456978944
-0.8286457634000187
-0.8259292053519576
-0.8232000544883022
-0.8204585837218643
-0.8177050671974361
-0.8149397802643754
-0.8121629994490708
-0.8093750024272903
-0.8065760679964128
-0.8037664760475486
-0.8009465075375513
-0.7981164444609221
-0.7952765698216104
-0.7924271676047134
-0.789568522748078
-0.7867009211138083
-0.7838246494596777
-0.7809399954104548
-0.7780472474291403
-0.7751466947881225
-0.7722386275402477
-0.7693233364898177
-0.7664011131635076
-0.7634722497812154
-0.7605370392268386
-0.7575957750189865
-0.7546487512816284
-0.751696262714683
-0.7487386045645462
-0.7457760725945684
-0.7428089630554773
-0.739837572655755
-0.736862198531965
-0.7338831382190402
-0.7309006896205293
-0.7279151509788067
-0.7249268208452488
-0.7219359980503789
-0.7189429816739837
-0.7159480710152067
-0.7129515655626185
-0.709953764964267
-0.7069549689977138
-0.7039554775400564
-0.7009555905379413
-0.697955607977569
-0.6949558298546951
-0.691956556144632
-0.6889580867722519
-0.685960721581993
-0.6829647603078766
-0.6799705025435331
-0.6769782477122442
-0.6739882950369995
-0.6710009435105748
-0.6680164918656328
-0.6650352385448519
-0.6620574816710791
-0.6590835190175207
-0.6561136479779635
-0.6531481655370364
-0.6501873682405128
-0.6472315521656548
-0.6442810128916066
-0.6413360454698367
-0.6383969443946336
-0.6354640035736553
-0.6325375162985398
-0.6296177752155757
-0.6267050722964387
-0.623799698808993
-0.6209019452881664
-0.618012101506896
-0.615130456447152
-0.612257298271039
-0.6093929142919803
-0.6065375909459864
-0.6036916137630131
-0.6008552673384067
-0.5980288353044462
-0.5952126003019792
-0.5924068439521598
-0.5896118468282846
-0.5868278884277367
-0.5840552471440361
-0.5812942002390007
-0.5785450238150205
-0.5758079927874465
-0.573083380857101
-0.5703714604829058
-0.5676725028546392
-0.5649867778658146
-0.5623145540866928
-0.5596560987374246
-0.5570116776613301
-0.5543815552983129
-0.5517659946584175
-0.5491652572955281
-0.5465796032812142
-0.5440092911787223
-0.5414545780171207
-0.5389157192655964
-0.5363929688079094
-0.5338865789170028
-0.5313968002297771
-0.528923881722026
-0.52646807068354
-0.5240296126933761
-0.5216087515953014
-0.5192057294734083
-0.5168207866279062
-0.5144541615510928
-0.5121060909035032
-0.5097768094902455
-0.5074665502375199
0.8948244558306733
0.8970959796156367
0.8993477939668846
0.9015796737048586
0.9037913956434445
0.9059827386122915
0.9081534834789291
0.9103034131706795
0.912432312696365
0.9145399691678073
0.9166261718211155
0.9186907120377629
0.9207333833654481
0.9227539815387404
0.9247523044995067
0.9267281524171163
0.9286813277084234
0.9306116350575266
0.9325188814353
0.9344028761186949
0.9362634307098132
0.9381003591547459
0.9399134777621794
0.9417026052217639
0.9434675626222446
0.9452081734693518
0.9469242637034516
0.9486156617169506
0.950282198371457
0.951923707014694
0.9535400234971652
0.9551309861885693
0.9566964359939631
0.9582362163696705
0.9597501733389369
0.9612381555073273
0.9627000140778648
0.9641356028659103
0.9655447783137814
0.9669273995051078
0.9682833281789226
0.969612428743488
0.9709145682898555
0.9721896166051551
0.9734374461856183
0.9746579322493268
0.9758509527486912
0.9770163883826557
0.9781541226086281
0.979264041654134
0.9803460345281938
0.9813999930324215
0.9824258117718454
0.9834233881654462
0.9843926224564157
0.9853334177221327
0.9862456798838544
0.9871293177161251
0.9879842428558978
0.988810369811371
0.9896076159705375
0.9903759016094459
0.9911151499001725
0.991825286918504
0.9925062416513308
0.9931579460037468
0.9937803348058599
0.9943733458193086
0.9949369197434856
0.9954710002214682
0.9959755338456537
0.9964504701631001
0.9968957616805714
0.9973113638692869
0.9976972351693743
0.9980533369940248
0.9983796337333528
0.9986760927579563
0.9989426844221801
0.9991793820670797
0.9993861620230879
0.9995630036123815
0.9997098891509487
0.9998268039503584
0.9999137363192278
0.9999706775643925
0.9999976219917756
0.9999945669069565
0.9999615126154416
0.9998984624226321
0.999805422633495
0.9996824025519315
0.9995294144798474
0.9993464737159222
0.9991335985540801
0.9988908102816596
0.9986181331772859
0.9983155945084421
0.9979832245287429
0.9976210564749093
0.997229126563445
0.9968074739870145
0.9963561409105239
0.995875172466905
0.9953646167526013
0.9948245248227585
0.9942549506861198
0.9936559512996241
0.993027586562711
0.9923699193113305
0.9916830153116596
0.9909669432535259
0.9902217747435385
0.9894475842979271
0.9886444493350919
0.9878124501678591
-0.4130483300045472
-0.4139378051048277
-0.41485588618621333
-0.415802481441361
-0.41677749621153404
-0.41778083299606805
-0.4188123914621207
-0.41987206845470476
-0.4209597580070042
-0.42207535135097013
-0.4232187369281979
-0.42438980040108254
-0.4255884246642527
-0.42681448985628084
-0.4280678733716698
-0.429348449873112
-0.43065609130402466
-0.4319906669013544
-0.43335204320865367
-0.43474008408942616
-0.4361546507407405
-0.43759560170711037
-0.43906279289464023
-0.4405560775854334
-0.4420753064522655
-0.4436203275735158
-0.4451909864483598
-0.44678712601221876
-0.44840858665246647
-0.4500552062243902
-0.4517268200674047
-0.4534232610215193
-0.45514435944405146
-0.4568899432265935
-0.45865983781222186
-0.4604538662129529
-0.46227184902744145
-0.4641136044589212
-0.46597894833338366
-0.4678676941179963
-0.46977965293975377
-0.47171463360436766
-0.47367244261538394
-0.475652884193533
-0.4776557602963074
-0.479680870637766
-0.481728012708562
-0.4837969817961949
-0.48588757100547925
-0.48799957127923654
-0.49013277141919953
-0.49228695810713186
-0.49446191592615973
-0.496657427382314
-0.49887327292627826
-0.5011092309753453
-0.5033650779355727
-0.5056405882241447
-0.5079355342919286
-0.51024968664623
-0.5125828138737423
-0.5149346826636865
-0.5173050578311439
-0.5196937023405729
-0.5221003773295134
-0.5245248421324714
-0.5269668543049875
-0.529426169647879
-0.5319025422316616
-0.5343957244211401
-0.5369054669001735
-0.5394315186966051
-0.541973627207361
-0.5445315382237074
-0.5471049959566748
-0.5496937430626345
-0.5522975206690333
-0.55491606840028
-0.5575491244037838
-0.5601964253761387
-0.5628577065894537
-0.5655327019178245
-0.5682211438639477
-0.5709227635858694
-0.5736372909238683
-0.576364454427473
-0.5791039813826057
-0.5818555978388537
-0.5846190286368644
-0.5873939974358616
-0.5901802267412767
-0.5929774379325014
-0.5957853512907477
-0.5986036860270196
-0.6014321603101923
-0.6042704912951943
-0.6071183951512925
-0.609975587090475
-0.6128417813959278
-0.6157166914506094
-0.6186000297659101
-0.6214915080104012
-0.6243908370386677
-0.6272977269202228
-0.630211886968501
-0.6331330257699261
-0.6360608512130517
-0.6389950705177733
-0.6419353902646059
-0.644881516424025
-0.6478331543858699
-0.6507900089888039
-0.6537517845498308
-0.6567181848938628
-0.6596889133833378
-0.6626636729478814
0.7343578338859831
0.7313759049650905
0.728390838479848
0.7254029329344164
0.7224124871168603
0.7194198000692698
0.7164251710578547
0.713428899543022
0.7104312851494258
0.7074326276360073
0.7044332268660191
0.7014333827770385
0.6984333953509748
0.6954335645840705
0.6924341904569018
0.6894355729043832
0.6864380117857705
0.6834418068546776
0.6804472577291008
0.6774546638614571
0.6744643245086397
0.6714765387020917
0.668491605217904
0.665509822546937
0.6625314888649743
0.6595569020029013
0.6565863594169256
0.6536201581588302
0.6506585948462693
0.6477019656331061
0.644750566179798
0.6418046916238302
0.6388646365502048
0.6359306949619783
0.6330031602508648
0.6300823251678956
0.6271684817941452
0.6242619215115225
0.6213629349736339
0.6184718120767168
0.6155888419306524
0.6127143128300527
0.6098485122254321
0.6069917266944631
0.6041442419133178
0.6013063426281018
0.5984783126263785
0.5956604347087915
0.5928529906607837
0.5900562612244215
0.5872705260703173
0.5844960637696651
0.5817331517663831
0.5789820663493691
0.5762430826248721
0.5735164744889824
0.5708025146002405
0.5681014743523749
0.5654136238471591
0.5627392318674036
0.5600785658500778
0.557431891859566
0.554799474561062
0.5521815771941019
0.5495784615462402
0.5469903879268736
0.5444176151412068
0.5418604004643741
0.5393189996157126
0.5367936667331891
0.5342846543479873
0.5317922133592552
0.5293165930090145
0.5268580408572366
0.524416802757089
0.5219931228303469
0.5195872434429832
0.5171994051809317
0.5148298468260288
0.5124788053321353
0.5101465158014415
0.5078332114609565
0.5055391236391873
0.5032644817430039
0.5010095132347006
0.49877444360924894
0.4965594963717489
0.4943648930150786
0.4921908529977447
0.4900375937219369
0.4879053305117892
0.48579427659184543
0.48370464306573824
0.481636638895079
0.4795904708785613
0.4775663436312818
0.47556445956427845
0.47358501886428966
0.47162821947373557
0.4696942570709252
0.46778332505048703
0.4658956145040305
0.46403131420103727
0.46219061056998395
0.4603736876796999
0.4585807272209598
0.4568119084883153
0.4550674083621663
0.4533474012910712
0.45165205927430385
0.44998155184465316
0.44833604605147
0.44671570644396236
0.44512069505474083
0.44355117138361483
0.44200729238164416
0.44048921243544203
-0.9610029166482618
-0.9624689456578026
-0.963908727991501
-0.9653221196723234
-0.9667089793622797
-0.9680691683765564
-0.969402550697386
-0.970708992987647
-0.9719883646041994
-0.9732405376109474
-0.9744653867916342
-0.975662789662362
-0.976832626483842
-0.9779747802733665
-0.9790891368165089
-0.9801755846785429
-0.981234015215588
-0.9822643225854724
-0.9832664037583176
-0.9842401585268417
-0.985185489516379
-0.9861023021946185
-0.9869905048810566
-0.9878500087561641
-0.9886807278702704
-0.9894825791521561
-0.9902554824173613
-0.9909993603762035
-0.9917141386415067
-0.9923997457360401
-0.9930561130996656
-0.9936831750961937
-0.9942808690199474
-0.9948491351020323
-0.9953879165163138
-0.9958971593850994
-0.9963768127845266
-0.9968268287496553
-0.9972471622792638
-0.9976377713403497
-0.997998616872332
-0.9983296627909586
-0.9986308759919131
-0.9989022263541268
-0.9991436867427894
-0.9993552330120634
-0.999536844007498
-0.999688501568145
-0.9998101905283748
-0.9999018987193928
-0.9999636169704562
-0.9999953391097914
-0.999997061965211
-0.9999687853644308
-0.9999105121350871
-0.9998222481044547
-0.9997040020988628
-0.9995557859428136
-0.999377614457799
-0.9991695054608192
-0.9989314797626004
-0.9986635611655141
-0.9983657764611966
-0.9980381554278706
-0.9976807308273657
-0.9972935384018448
-0.9968766168702274
-0.9964300079243193
-0.9959537562246431
-0.9954479093959716
-0.9949125180225664
-0.9943476356431185
-0.9937533187453951
-0.9931296267605908
-0.9924766220573843
-0.9917943699357019
-0.9910829386201869
-0.9903423992533784
-0.9895728258885956
-0.9887742954825339
-0.9879468878875683
-0.9870906858437689
-0.9862057749706266
-0.9852922437584912
-0.9843501835597228
-0.9833796885795563
-0.9823808558666804
-0.9813537853035348
-0.9802985795963193
-0.9792153442647255
-0.978104187631384
-0.9769652208110321
-0.9757985576994026
-0.9746043149618346
-0.9733826120216067
-0.9721335710479946
-0.9708573169440549
-0.9695539773341343
-0.9682236825511081
-0.9668665656233457
-0.965482762261409
-0.9640724108444811
-0.9626356524065285
-0.9611726306221975
-0.9596834917924473
-0.9581683848299201
-0.9566274612440493
-0.9550608751259098
-0.9534687831328078
-0.9518513444726158
-0.9502087208878518
-0.9485410766395057
-0.9468485784906127
-0.9451313956895768
-0.9433896999532473
-0.9416236654497467
0.46016653121894624
0.4619807110346569
0.46381869258091524
0.4656802920610985
0.46756532331680983
0.46947359784649456
0.4714049248242903
0.473359111119108
0.47533596131394706
0.47733527772543527
0.4793568604235976
0.4814005072518489
0.48346601384720944
0.4855531736607408
0.4876617779782011
0.4897916159409159
0.49194247456686324
0.4941141387719732
0.49630639139163496
0.49851901320241343
0.5007517829439714
0.5030044773411954
0.5052768711265228
0.5075687370624693
0.5098798459643503
0.5122099667232018
0.51455886632889
0.5169263098934114
0.5193120606743826
0.5217158800987136
0.5241375277864652
0.5265767615748869
0.5290333375426318
0.5315070100341507
0.5339975316842559
0.5365046534428577
0.5390281245998695
0.5415676928102786
0.5441231041193801
0.5466941029881731
0.5492804323189125
0.5518818334808208
0.5544980463359495
0.5571288092651934
0.5597738591944519
0.5624329316209362
0.5651057606396195
0.5677920789698274
0.5704916179819659
0.5732041077243825
0.5759292769503637
0.5786668531452579
0.5814165625537271
0.5841781302071216
0.5869512799509775
0.5897357344726313
0.5925312153289518
0.5953374429741819
0.5981541367878961
0.6009810151030602
0.6038177952341985
0.6066641935056618
0.6095199252799949
0.6123847049864002
0.6152582461492949
0.6181402614169562
0.6210304625902596
0.6239285606514964
0.6268342657932753
0.6297472874475035
0.6326673343144433
0.6355941143918413
0.6385273350041287
0.6414667028316893
0.6444119239401885
0.6473627038099704
0.6503187473655071
0.6532797590049064
0.6562454426294717
0.6592155016733121
0.6621896391329982
0.665167557597263
0.6681489592767406
0.671133546033748
0.6741210194120968
0.6771110806669386
0.6801034307946398
0.683097770562681
0.6860938005395808
0.6890912211248387
0.6920897325788931
0.6950890350530975
0.6980888286197043
0.7010888133018565
0.7040886891035858
0.707088156039812
0.710086914166341
0.713084663609859
0.7160811045979205
0.7190759374889225
0.7220688628020723
0.7250595812473324
0.7280477937553508
0.7310332015073666
0.7340155059650927
0.7369944089005684
0.7399696124259831
0.7429408190234627
0.7459077315748237
0.7488700533912837
0.7518274882431294
0.7547797403893401
0.7577265146071617
0.7606675162216278
0.7636024511350282
0.7665310258563166
-0.6305470524695382
-0.627632076032269
-0.6247243363270901
-0.621824124125549
-0.6189317294464489
-0.6160474415268477
-0.6131715487931334
-0.6103043388321825
-0.6074460983626028
-0.6045971132060588
-0.601757668258692
-0.5989280474626311
-0.5961085337775975
-0.5932994091526104
-0.5905009544977909
-0.5877134496562725
-0.584937173376217
-0.5821724032829385
-0.5794194158511424
-0.5766784863772777
-0.5739498889520077
-0.5712338964328011
-0.5685307804166464
-0.5658408112128923
-0.5631642578162185
-0.5605013878797336
-0.5578524676882123
-0.5552177621314662
-0.5525975346778557
-0.5499920473479423
-0.5474015606882878
-0.5448263337453997
-0.5422666240398255
-0.5397226875404039
-0.5371947786386642
-0.53468315012339
-0.5321880531553399
-0.5297097372421316
-0.5272484502132908
-0.5248044381954696
-0.5223779455878326
-0.5199692150376194
-0.5175784874158773
-0.5152060017933762
-0.5128519954167011
-0.5105167036845284
-0.5082003601240849
-0.5059031963677966
-0.5036254421301242
-0.5013673251845943
-0.49912907134101925
-0.4969109044229183
-0.4947130462451346
-0.49253571659165457
-0.490379133193629
-0.4882435117076006
-0.4861290656939383
-0.48403600659548107
-0.4819645437163953
-0.4799148842012422
-0.4778872330142654
-0.47588179291889376
-0.4738987644574657
-0.4719383459311748
-0.47000073338024007
-0.46808612056430154
-0.466194698943046
-0.4643266576570591
-0.4624821835089126
-0.46066146094448446
-0.45886467203451364
-0.45709199645639403
-0.45534361147620606
-0.4536196919309906
-0.45192041021126605
-0.45024593624378806
-0.448596437474558
-0.4469720788520782
-0.44537302281085733
-0.4437994292551669
-0.44225145554305123
-0.44072925647059147
-0.4392329842564262
-0.4377627885265304
-0.4363188162992517
-0.43490121197060944
-0.4335101172998552
-0.4321456713952968
-0.4308080107003877
-0.42949726898008267
-0.4282135773074612
-0.4269570640506213
-0.42572785485984127
-0.4245260726550159
-0.4233518376133642
-0.4222052671574118
-0.42108647594324883
-0.4199955758490644
-0.41893267596395856
-0.41789788257703453
-0.41689129916676854
-0.4159130263906627
-0.41496316207517947
-0.4140418012059588
-0.41314903591831975
-0.4122849554880473
-0.4114496463224642
-0.410643191951791
-0.40986567302079285
-0.40911716728071484
-0.4083977495815072
-0.4077074918643403
-0.40704646315441073
-0.40641472955403857
-0.4058123542360574
-0.405239397437497
-0.4046959164535599
0.9958180343681083
0.996302403632854
0.9967571429041544
0.997182206708461
0.9975775525397479
0.9979431408637612
0.9982789351219734
0.9985849017352382
0.9988610101071494
0.9991072326271
0.9993235446730431
0.9995099246139543
0.9996663538119948
0.9997928166243752
0.9998893004049199
0.9999557955053309
0.9999922952761536
0.9999987960674415
0.9999752972291209
0.9999218011110558
0.9998383130628137
0.9997248414331299
0.9995813975690724
0.9994079958149085
0.9992046535106688
0.9989713909904145
0.9987082315802032
0.9984152015957565
0.9980923303398288
0.9977396500992765
0.9973571961418297
0.9969450067125657
0.9965031230300838
0.9960315892823839
0.995530452622448
0.9949997631635246
0.9944395739741169
0.9938499410726773
0.9932309234220047
0.9925825829233481
0.9919049844102171
0.9911981956418986
0.9904622872966802
0.9896973329647831
0.9889034091410034
0.9880805952170615
0.9872289734736643
0.9863486290722764
0.9854396500466042
0.984502127293793
0.9835361545653367
0.9825418284577034
0.9815192484026749
0.9804685166574049
0.9793897382941921
0.9782830211899738
0.977148476015538
0.9759862162244572
0.9747963580417417
0.9735790204522183
0.9723343251886314
0.97106239671947
0.9697633622365214
0.9684373516421512
0.9670844975363138
0.9657049352032923
0.9642988025981705
0.9628662403330374
0.9614073916629253
0.9599224024714857
0.9584114212564003
0.9568745991145314
0.9553120897268125
0.95372404934288
0.9521106367654495
0.9504720133344338
0.9488083429108107
0.9471197918602363
0.9454065290364082
0.9436687257641813
0.9419065558224344
0.9401201954266932
0.9383098232115091
0.9364756202125948
0.9346177698487216
0.9327364579033776
0.9308318725061897
0.9289042041141105
0.9269536454923726
0.924980391695213
0.9229846400463664
0.9209665901193356
0.9189264437174309
0.9168644048535928
0.9147806797299889
0.9126754767173954
0.9105490063343591
0.9084014812261463
0.9062331161434777
0.9040441279210556
0.9018347354558776
0.899605159685349
0.897355623565189
0.895086352047135
0.8927975720564476
0.8904895124692188
0.8881624040894833
0.8858164796261407
0.8834519736696822
0.8810691226687327
0.8786681649064069
0.87624934047648
0.8738128912593794
0.8713590608979965
0.8688880947733226
0.8664002399799104
-0.5361042546988327
-0.5386251388155268
-0.5411621602838607
-0.5437150654038018
-0.5462835988869654
-0.5488675038821439
-0.5514665220009908
-0.5540803933438605
-0.5567088565257962
-0.5593516487026704
-0.5620085055974677
-0.5646791615267127
-0.5673633494270381
-0.5700608008818906
-0.5727712461483727
-0.5754944141842168
-0.5782300326748876
-0.5809778280608163
-0.5837375255647541
-0.5865088492192505
-0.5892915218942492
-0.5920852653248017
-0.5948898001388931
-0.5977048458853791
-0.6005301210620314
-0.6033653431436856
-0.6062102286104969
-0.6090644929762893
-0.6119278508170046
-0.6148000157992451
-0.6176807007089059
-0.6205696174798967
-0.6234664772229481
-0.6263709902544992
-0.6292828661256673
-0.6322018136512921
-0.6351275409390537
-0.638059755418661
-0.6409981638711097
-0.6439424724580034
-0.6468923867509373
-0.6498476117609394
-0.6528078519679719
-0.6557728113504809
-0.6587421934149991
-0.6617157012257943
-0.6646930374345634
-0.6676739043101667
-0.6706580037684012
-0.6736450374018068
-0.6766347065095099
-0.6796267121270909
-0.6826207550564816
-0.6856165358958839
-0.6886137550697105
-0.6916121128585415
-0.6946113094290969
-0.6976110448642193
-0.700611019192864
-0.7036109324200985
-0.7066104845571002
-0.7096093756511549
-0.7126073058156522
-0.715603975260074
-0.7185990843199731
-0.72159233348694
-0.7245834234385511
-0.7275720550683045
-0.7305579295155277
-0.7335407481952642
-0.7365202128281316
-0.7394960254701498
-0.7424678885425341
-0.7454355048614545
-0.7483985776677511
-0.7513568106566128
-0.7543099080072061
-0.7572575744122567
-0.7601995151075807
-0.76313543590156
-0.7660650432045618
-0.7689880440582972
-0.771904146165117
-0.7748130579172399
-0.777714488425915
-0.7806081475505093
-0.7834937459275219
-0.7863709949995196
-0.7892396070439933
-0.7920992952021279
-0.7949497735074923
-0.7977907569146295
-0.8006219613275684
-0.8034431036282248
-0.8062539017047217
-0.8090540744795927
-0.8118433419378929
-0.8146214251552026
-0.8173880463255135
-0.820142928789016
-0.8228857970597572
-0.8256163768531979
-0.8283343951136323
-0.8310395800415014
-0.8337316611205654
-0.8364103691449591
-0.8390754362461144
-0.8417265959195398
-0.8443635830514793
-0.8469861339454153
-0.8495939863484457
-0.8521868794775026
-0.8547645540454327
-0.8573267522869293
-0.8598732179843014
-0.8624036964931032
0.5350820652324091
0.5325843186139662
0.5301033134241502
0.5276392977614107
0.5251925180252618
0.5227632188916387
0.5203516432884289
0.5179580323711845
0.515582625499001
0.5132256602105879
0.5108873722005081
0.5085679952956157
0.5062677614316669
0.5039869006301319
0.5017256409751909
0.49948420859092346
0.4972628276187019
0.49506172019477057
0.4928811064280393
0.49072120437806577
0.4885822300332562
0.48646439728926305
0.4843679179275945
0.48229300159444116
0.48023985577970574
0.47820868579626025
0.47619969475940893
0.47421308356658276
0.472249050877244
0.4703077930930258
0.4683895043380894
0.4664943764397104
0.46462259890910074
0.46277435892245233
0.460949841302225
0.4591492284986589
0.45737270057153534
0.4556204351721653
0.453892607525629
0.4521893904132519
0.4505109541553248
0.44885746659407594
0.4472290930768823
0.44562599643973977
0.4440483369909752
0.44249627249521906
0.4409699581576283
0.43946954660836357
0.43799518788733055
0.4365470294291717
0.43512521604852694
0.4337298899255486
0.4323611905916872
0.43101925491573456
0.42970421709014045
0.42841620861759205
0.42715535829786244
0.42592179221493365
0.4247156337243852
0.4235370034410618
0.4223860192270089
0.4212627961796894
0.4201674466204714
0.41910008008339833
0.4180608033042348
0.41704972020979186
0.4160669319075373
0.4151125366754814
0.414186629952353
0.41328930432805194
0.41242064953439334
0.4115807524361329
0.41076969702228
0.40998756439770073
0.40923443277500515
0.4085103774667285
0.40781547087779774
0.40714978249829314
0.40651337889649747
0.4059063237122408
0.40532867765053576
0.40478049847550696
0.4042618410046153
0.4037727571031754
0.4033132956791701
0.40288350267835865
0.40248342107968316
0.4021130908909701
0.4017725491449296
0.40146182989545265
0.40118096421420507
0.40092998018752113
0.4007089029135942
0.4005177544999675
0.4003565540613231
0.40022531771757053
0.4001240585922348
0.4000527868111441
0.400011509501417
0.40000023079075026
0.4000189518070055
0.4000676706780966
0.40014638253217716
0.40025507949812733
0.4003937507063411
0.4005623822898131
0.4007609573855257
0.4009894561361346
0.4012478556919554
0.4015361302132476
0.40185425087279947
0.4022021858588101
0.4025799003780708
0.4029873566594445
0.40342451395764245
0.4038913285572993
0.40438775377734393
-0.9950862600243318
-0.9945307654459095
-0.993945818036384
-0.993331476290009
-0.9926878016404472
-0.9920148584546269
-0.9913127140263062
-0.9905814385693423
-0.9898211052106723
-0.9890317899829977
-0.988213571817184
-0.9873665325343657
-0.9864907568377651
-0.9855863323042227
-0.9846533493754371
-0.9836919013489248
-0.9827020843686864
-0.9816839974155958
-0.980637742297499
-0.9795634236390365
-0.9784611488711793
-0.9773310282204848
-0.976173174698077
-0.9749877040883426
-0.9737747349373553
-0.9725343885410187
-0.9712667889329398
-0.9699720628720221
-0.968650339829793
-0.9673017519774559
-0.9659264341726714
-0.9645245239460748
-0.9630961614875193
-0.9616414896320618
-0.9601606538456744
-0.9586538022107027
-0.9571210854110536
-0.9555626567171301
-0.9539786719705037
-0.9523692895683279
-0.9507346704475028
-0.9490749780685773
-0.9473903783994073
-0.9456810398985548
-0.9439471334984458
-0.9421888325882763
-0.9404063129966707
-0.9385997529741039
-0.9367693331750716
-0.9349152366400295
-0.9330376487770848
-0.9311367573434606
-0.9292127524267145
-0.9272658264257359
-0.9252961740315028
-0.9233039922076121
-0.9212894801705873
-0.9192528393699522
-0.9171942734680908
-0.9151139883198764
-0.913012191952092
-0.9108890945426211
-0.9087449083994363
-0.9065798479393659
-0.9043941296666499
-0.902187972151296
-0.8999615960072156
-0.8977152238701694
-0.8954490803754975
-0.8931633921356618
-0.8908583877175822
-0.8885342976197782
-0.8861913542493244
-0.8838297918986038
-0.8814498467218852
-0.8790517567117012
-0.8766357616750562
-0.8742021032094389
-0.8717510246786685
-0.8692827711885565
-0.8667975895623933
-0.8642957283162722
-0.8617774376342313
-0.859242969343242
-0.8566925768880194
-0.8541265153056856
-0.8515450412002588
-0.8489484127169991
-0.8463368895165917
-0.8437107327491787
-0.8410702050282505
-0.8384155704043764
-0.8357470943388089
-0.8330650436769287
-0.830369686621568
-0.8276612927061872
-0.8249401327679188
-0.8222064789204909
-0.8194606045270085
-0.8167027841726245
-0.8139332936370743
-0.8111524098671056
-0.8083604109487756
-0.8055575760796511
-0.8027441855408837
-0.7999205206691812
-0.7970868638286797
-0.7942434983826996
-0.7913907086654183
-0.7885287799534281
-0.7856579984372173
-0.7827786511925432
-0.7798910261517319
-0.776995412074882
-0.7740920985209863
-0.7711813758189826
0.6317364649612862
0.634661132038172
0.637592332947406
0.6405297745713391
0.6434731631682555
0.6464222044017508
0.6493766033701568
0.6523360646360408
0.6553002922557403
0.6582689898089656
0.6612418604284334
0.6642186068295609
0.6671989313401878
0.6701825359303455
0.6731691222420634
0.676158391619197
0.6791500451373018
0.682143783633517
0.6851393077364897
0.6881363178963039
0.6911345144144431
0.6941335974737529
0.6971332671684257
0.7001332235339938
0.7031331665773184
0.7061327963065973
0.7091318127613552
0.7121299160424478
0.7151268063420444
0.7181221839736114
0.7211157494018837
0.7241072032728113
0.7270962464435019
0.7300825800121272
0.7330659053478211
0.736045924120534
0.7390223383308742
0.7419948503398996
0.7449631628988856
0.747926979179052
0.7508860028012385
0.7538399378655507
0.7567884889809418
0.7597313612947594
0.7626682605222225
0.7655988929758577
0.768522965594861
0.771440185974406
0.7743502623948879
0.7772529038510876
0.7801478200812805
0.7830347215962538
0.7859133197082638
0.7887833265598972
0.7916444551528596
0.7944964193766777
0.7973389340373039
0.800171714885643
0.8029944786459686
0.805806943044259
0.8086088268364162
0.8113998498363978
0.8141797329442286
0.8169481981739135
0.8197049686812385
0.8224497687914483
0.8251823240268209
0.8279023611341081
0.8306096081118679
0.8333037942376565
0.8359846500951085
0.8386519076008709
0.8413053000314153
0.8439445620497116
0.8465694297317553
0.8491796405929676
0.8517749336144356
0.8543550492690217
0.8569197295473098
0.8594687179834082
0.8620017596805993
0.8645186013368225
0.8670189912700113
0.8695026794432541
0.8719694174898054
0.8744189587379141
0.8768510582354986
0.8792654727746348
0.8816619609158802
0.8840402830124193
0.8864002012340227
0.8887414795908366
0.8910638839569746
0.8933671820939371
0.895651143673828
0.8979155403023946
0.90016014554186
0.9023847349335699
0.9045890860204406
0.9067729783691989
0.9089361935924313
0.9110785153704165
0.9131997294727636
0.9152996237798294
0.9173779883039321
0.919434615210353
0.9214692988381137
0.9234818357205483
0.9254720246056445
0.9274396664761735
0.9293845645695866
0.9313065243976966
0.9332053537661216
0.9350808627935066
0.9369328639305128
0.9387611719785688
0.9405656041083945
-0.4576540201217204
-0.45589787874786836
-0.4541661473827244
-0.45245899919798066
-0.45077660490703364
-0.4491191327479111
-0.4474867484664465
-0.4458796152997087
-0.4442978939596742
-0.4427417426171599
-0.4412113168860021
-0.43970676980749923
-0.43822825183510583
-0.43677591081938605
-0.4353498919932321
-0.4339503379573373
-0.43257738866594
-0.4312311814128241
-0.4299118508175942
-0.4286195288122094
-0.4273543446277937
-0.4261164247817117
-0.4249058930649155
-0.423722870529569
-0.4225674754769389
-0.4214398234455685
-0.4203400271997204
-0.4192681967181036
-0.4182244391828722
-0.4172088589689103
-0.41622155763339347
-0.41526263390563156
-0.4143321836771992
-0.413430299992343
-0.4125570730386806
-0.41171259013817907
-0.410896935738425
-0.410110191404179
-0.4093524358092182
-0.4086237447284713
-0.40792419103043853
-0.40725384466990733
-0.4066127726809545
-0.40600103917024527
-0.4054187053106205
-0.4048658293349811
-0.4043424665304641
-0.40384866923291335
-0.40338448682164757
-0.40294996571452063
-0.40254514936328156
-0.40217007824922785
-0.4018247898791585
-0.4015093187816226
-0.4012236965034672
-0.4009679516066821
-0.4007421096655437
-0.40054619326405805
-0.40038022199370193
-0.4002442124514642
-0.4001381782381856
-0.4000621299571992
-0.4000160752132697
-0.4000000186118331
-0.4000139617585361
-0.40005790325907575
-0.4001318387193386
-0.4002357607458402
-0.40036965894646454
-0.4005335199315031
-0.400727327314994
-0.4009510617163602
-0.40120470076234827
-0.40148821908926474
-0.40180158834551344
-0.40214477719442954
-0.4025177513174145
-0.4029204734173666
-0.4033529032224116
-0.4038149974899293
-0.4043067100108778
-0.40482799161441513
-0.40537879017281503
-0.4059590506066809
-0.40656871489045265
-0.4072077220582103
-0.4078760082097694
-0.4085735065170714
-0.4093001472308674
-0.41005585768769093
-0.4108405623171267
-0.411654182649365
-0.4124966373230513
-0.4133678420934197
-0.4142677098407197
-0.41519615057892617
-0.41615307146473873
-0.41713837680686683
-0.41815196807559657
-0.4191937439126466
-0.42026360014130054
-0.42136142977682783
-0.42248712303717906
-0.423640567353967
-0.42482164738372075
-0.42603024501942116
-0.4272662394023128
-0.4285295069339863
-0.4298199212887422
-0.43113735342621945
-0.4324816716043031
-0.4338527413922951
-0.4352504256843588
-0.4366745847132306
-0.4381250760641935
-0.43960175468932206
0.9588955270780165
0.9573669195083925
0.9558125754612897
0.9542326503698169
0.9526273022251668
0.9509966915608168
0.9493409814364733
0.9476603374217702
0.9459549275797074
0.944224922449849
0.942470495031265
0.9406918207652366
0.9388890775177069
0.9370624455614989
0.9352121075582869
0.9333382485403278
0.9314410558919632
0.9295207193308757
0.9275774308891224
0.9256113848939267
0.9236227779482504
0.9216118089111318
0.9195786788777972
0.9175235911595572
0.9154467512634696
0.9133483668717947
0.9112286478212216
0.9090878060818903
0.9069260557361896
0.9047436129573528
0.9025406959878403
0.9003175251175115
0.8980743226616025
0.8958113129384879
0.8935287222472558
0.8912267788450716
0.8889057129243588
0.8865657565897737
0.8842071438350005
0.8818301105193501
0.8794348943441715
0.877021734829088
0.8745908732880382
0.8721425528051525
0.869677018210437
0.8671945160552975
0.8646952945878816
0.8621796037282518
0.8596476950433991
0.8570998217220807
0.8545362385495068
0.851957201881857
0.8493629696206504
0.8467538011869497
0.8441299574954246
0.8414917009282588
0.8388392953089086
0.8361730058757275
0.833493099255435
0.8307998434364617
0.8280935077421434
0.8253743628037962
0.8226426805336458
0.8198987340976438
0.8171427978881485
0.814375147496482
0.8115960596853792
0.8088058123613031
0.8060046845466633
0.8031929563519047
0.8003709089475046
0.7975388245358531
0.794696986323029
0.7918456784904875
0.7889851861666338
0.7861157953983184
0.7832377931222253
0.7803514671361854
0.7774571060703903
0.7745549993585354
0.7716454372088748
0.7687287105751965
0.7658051111277355
0.7628749312239981
0.7599384638795349
0.7569960027386313
0.7540478420449513
0.7510942766121056
0.748135601794177
0.7451721134561831
0.7422041079444857
0.7392318820571648
0.7362557330143303
0.7332759584284084
0.7302928562743726
0.7273067248599533
0.7243178627958045
0.72132656896564
0.7183331424963519
0.7153378827280908
0.7123410891843395
0.7093430615419528
0.7063440996011989
0.7033445032557706
0.7003445724628037
0.6973446072128788
0.6943449075000186
0.6913457732916971
0.6883475044988334
0.6853504009458106
0.6823547623404841
0.6793608882442204
0.6763690780419318
0.6733796309121468
0.6703928457970881
0.667409021372776
-0.7355715439808312
-0.7385485522096844
-0.7415217056154392
-0.7444907068852349
-0.7474552591214174
-0.7504150658712327
-0.7533698311564744
-0.7563192595030741
-0.759263055970657
-0.7622009261820276
-0.7651325763526149
-0.768057713319843
-0.7709760445724546
-0.7738872782797555
-0.7767911233207999
-0.7796872893135056
-0.7825754866436848
-0.7854554264940133
-0.7883268208729042
-0.7911893826433141
-0.7940428255514496
-0.7968868642553997
-0.799721214353663
-0.8025455924135907
-0.8053597159997324
-0.8081633037020727
-0.8109560751641794
-0.8137377511112319
-0.8165080533779554
-0.8192667049364308
-0.8220134299238002
-0.8247479536698556
-0.8274700027244994
-0.8301793048850965
-0.8328755892236863
-0.8355585861140842
-0.8382280272588347
-0.8408836457160499
-0.8435251759260962
-0.8461523537381528
-0.8487649164366298
-0.8513626027674325
-0.8539451529640946
-0.8565123087737464
-0.8590638134829482
-0.8615994119433538
-0.8641188505972315
-0.8666218775028147
-0.8691082423594979
-0.8715776965328691
-0.8740299930795671
-0.8764648867719824
-0.8788821341227734
-0.8812814934092208
-0.8836627246973947
-0.8860255898661498
-0.8883698526309399
-0.8906952785674405
-0.8930016351349973
-0.895288691699874
-0.8975562195583215
-0.899803991959442
-0.9020317841278702
-0.9042393732862448
-0.906426538677489
-0.9085930615868878
-0.910738725363954
-0.9128633154440995
-0.9149666193700855
-0.9170484268132735
-0.9191085295946524
-0.9211467217056625
-0.9231627993287903
-0.9251565608579528
-0.9271278069186601
-0.9290763403879475
-0.931001966414093
-0.9329044924360975
-0.9347837282029454
-0.9366394857926255
-0.9384715796309246
-0.9402798265099869
-0.94206404560663
-0.9438240585004326
-0.9455596891915705
-0.9472707641184223
-0.9489571121749198
-0.9506185647276642
-0.9522549556327836
-0.9538661212525512
-0.9554519004717483
-0.9570121347137737
-0.9585466679565042
-0.9600553467478935
-0.9615380202213205
-0.9629945401106725
-0.9644247607651754
-0.965828539163955
-0.9672057349303407
-0.9685562103459044
-0.9698798303642293
-0.9711764626244175
-0.9724459774643222
-0.9736882479335185
-0.9749031498059944
-0.9760905615925742
-0.9772503645530701
-0.9783824427081513
-0.9794866828509468
-0.9805629745583616
-0.9816112102021226
-0.9826312849595382
-0.9836230968239836
-0.9845865466150985
-0.985521537988706
-0.9864279774464488
-0.9873057743451359
0.41184515909419045
0.4110249077774796
0.41023355372917886
0.40947117608403427
0.40873785107917443
0.40803365204648906
0.40735864940529487
0.40671291065529286
0.4060965003698204
0.4055094801893921
0.40495190881553705
0.4044238420049277
0.40392533256380514
0.4034564303426984
0.40301718223143834
0.4026076321544705
0.4022278210664609
0.4018777869482021
0.401557564802814
0.40126718665224453
0.4010066815340666
0.40077607549857497
0.4005753916061811
0.4004046499251069
0.40026386752937826
0.40015305849711735
0.40007223390913516
0.4000214018478231
0.4000005673963449
0.40000973263812833
0.400048896656657
0.4001180555355615
0.40021720235901165
0.40034632721240776
0.40050541718337207
0.40069445636304
0.4009134258476513
0.40116230374043976
0.4014410651538236
0.40174968221189383
0.40208812405320166
0.40245635683384523
0.40285434373085305
0.4032820449458674
0.4037394177091228
0.4042264162837245
0.40474299197022073
0.405289093111473
0.4058646650978227
0.4064696503725505
0.4071039884376334
0.40776761585979315
0.40846046627684096
0.40918247040431205
0.40993355604239584
0.41071364808315414
0.41152266851803276
0.4123605364456628
0.41322716807994925
0.4141224767584515
0.415046372951047
0.4159987642688872
0.4169795554736337
0.4179886484869828
0.4190259424004749
0.42009133348558236
0.4211847152040852
0.4223059782187219
0.4234550104041262
0.4246316968580363
0.42583591991278824
0.42706755914707956
0.4283264913980128
0.42961259077341285
0.43092572866441303
0.43226577375831937
0.4336325920517383
0.4350260468639805
0.43644599885072544
0.4378923060179571
0.43936482373616514
0.44086340475480384
0.4423878992170211
0.4439381546746401
0.4455140161034081
0.4471153259184941
0.4487419239902524
0.4503936476602306
0.4520703317574376
0.4537718086148621
0.455497908086235
0.4572484575630489
0.4590232819918135
0.46082220389156636
0.4626450433716152
0.46449161814953244
0.46636174356937843
0.46825523262016877
0.4701718959545779
0.4721115419078681
0.47407397651706173
0.4760590035403319
0.47806642447663195
0.4800960385855403
0.4821476429073366
0.4842210322832999
0.48631599937621894
0.4884323346911317
0.4905698265962688
0.49272826134422243
0.49490742309331504
0.49710709392918917
0.4993270538865935
0.5015670809713815
0.5038269511827129
0.5061064385354483
-0.8915946849172465
-0.8892766490611119
-0.8869396856978007
-0.8845840285217029
-0.8822099130965717
-0.8798175768319719
-0.8774072589595372
-0.8749792005090447
-0.8725336442843176
-0.8700708348389388
-0.8675910184518021
-0.8650944431024781
-0.8625813584464221
-0.8600520157900063
-0.8575066680653869
-0.8549455698052171
-0.8523689771171865
-0.849777147658419
-0.8471703406096986
-0.8445488166495597
-0.8419128379282118
-0.8392626680413314
-0.8365985720036997
-0.8339208162226983
-0.831229668471676
-0.8285253978631633
-0.8258082748219694
-0.8230785710581321
-0.8203365595397552
-0.8175825144657034
-0.8148167112381901
-0.8120394264352344
-0.809250937783
-0.8064515241280303
-0.8036414654093562
-0.8008210426305098
-0.7979905378314166
-0.7951502340601988
-0.7923004153448675
-0.7894413666649175
-0.7865733739228362
-0.7836967239155059
-0.780811704305532
-0.7779186035924696
-0.7750177110839808
-0.7721093168668971
-0.7691937117782176
-0.7662711873760226
-0.7633420359103147
-0.7604065502938018
-0.757465024072597
-0.7545177513968733
-0.7515650269914402
-0.7486071461262798
-0.7456444045870115
-0.7426770986453214
-0.7397055250293318
-0.7367299808939263
-0.7337507637910404
-0.7307681716399
-0.7277825026972368
-0.7247940555274548
-0.7218031289727816
-0.7188100221233815
-0.715815034287443
-0.7128184649612558
-0.7098206137992535
-0.7068217805840562
-0.7038222651964843
-0.7008223675855789
-0.6978223877385992
-0.694822625651031
-0.6918233812965843
-0.6888249545971931
-0.6858276453930305
-0.6828317534125176
-0.6798375782423575
-0.6768454192975701
-0.6738555757915587
-0.6708683467061801
-0.6678840307618547
-0.6649029263876908
-0.6619253316916396
-0.6589515444306916
-0.6559818619810924
-0.6530165813086146
-0.6500559989388521
-0.647100410927576
-0.6441501128311252
-0.641205399676849
-0.6382665659336106
-0.6353339054823336
-0.6324077115866211
-0.6294882768634221
-0.6265758932537784
-0.6236708519936216
-0.6207734435846581
-0.6178839577653152
-0.615002683481765
-0.6121299088590367
-0.6092659211721967
-0.606411006817629
-0.603565451284388
-0.6007295391256577
-0.5979035539302887
-0.5950877782944466
-0.5922824937933495
-0.5894879809531077
-0.5867045192226786
-0.5839323869459137
-0.5811718613337324
-0.5784232184363938
-0.5756867331158977
-0.5729626790184971
-0.5702513285473295
-0.5675529528351847
0.8351321782826168
0.8378037962951987
0.8404616340429885
0.8431054257444237
0.8457349070225397
0.8483498149313988
0.8509498879823882
0.8535348661703714
0.856104490999682
0.8586585055099802
0.8611966543019415
0.8637186835628036
0.8662243410917403
0.8687133763250885
0.8711855403613982
0.873640585986325
0.8760782676973541
0.878498341728344
0.88090056607391
0.8832847005136177
0.8856505066360117
0.8879977478624503
0.8903261894707661
0.8926355986187403
0.8949257443673809
0.8971963977040233
0.899447331565224
0.9016783208594747
0.9038891424897034
0.9060795753755909
0.9082494004756734
0.9103984008092479
0.9125263614780739
0.9146330696878558
0.9167183147695301
0.9187818882003247
0.9208235836246176
0.9228431968745664
0.9248405259905305
0.9268153712412619
0.9287675351438808
0.930696822483625
0.9326030403333667
0.934485998072911
0.9363455074080518
0.9381813823894063
0.9399934394310057
0.9417814973286552
0.9435453772780564
0.9452849028926831
0.9469999002214244
0.9486901977659756
0.9503556264979919
0.9519960198759867
0.9536112138619907
0.9552010469379503
0.9567653601218824
0.9583039969837732
0.9598168036612179
0.9613036288748101
0.9627643239432668
0.964198742798299
0.9656067419992159
0.9669881807472716
0.9683429208997418
0.9696708269837402
0.9709717662097654
0.9722456084849782
0.9734922264262136
0.9747114953727154
0.9759032933986058
0.9770675013250751
0.9782040027323002
0.9793126839710884
0.9803934341742389
0.9814461452676326
0.9824707119810371
0.9834670318586352
0.9844350052692687
0.9853745354164043
0.9862855283478094
0.9871678929649499
0.9880215410320999
0.9888463871851636
0.9896423489402136
0.9904093467017372
0.9911473037705978
0.991856146351703
0.992535803561386
0.9931862074344919
0.993807292931175
0.994398997943404
0.99496126330117
0.9954940327784063
0.9959972530986088
0.9964708739401653
0.9969148479413859
0.9973291307052403
0.997713680803798
0.998068459782369
0.9983934321633514
0.9986885654497777
0.9989538301285655
0.9991891996734676
0.9993946505477261
0.9995701622064246
0.9997157170985431
0.9998313006687143
0.9999169013586771
0.9999725106084338
0.9999981228571062
0.9999937355434902
0.9999593491063141
0.9998949669841924
0.999800595615284
0.9996762444366472
0.9995219258832959
-0.4006623446130427
-0.40087654862547295
-0.4011206647337719
-0.4013946685265322
-0.401698532603603
-0.40203222657882953
-0.4023957170830927
-0.40278896776764467
-0.403211939307745
-0.40366458940659183
-0.4041468727995528
-0.40465874125869017
-0.405200143597585
-0.40577102567645434
-0.4063713304075658
-0.407000997760947
-0.40765996477038685
-0.4083481655397341
-0.4090655312494846
-0.4098119901636659
-0.410587467637008
-0.4113918861224104
-0.4122251651786946
-0.41308722147864907
-0.41397796881736276
-0.4148973181208435
-0.4158451774549278
-0.4168214520344713
-0.4178260442328304
-0.418858853591622
-0.41991977683077053
-0.42100870785883704
-0.42212553778362527
-0.42327015492307424
-0.42444244481642307
-0.42564229023566014
-0.42686957119724256
-0.4281241649740977
-0.42940594610789307
-0.4307147864215829
-0.4320505550322274
-0.43341311836407775
-0.43480234016193725
-0.4362180815047827
-0.4376602008196606
-0.4391285538958403
-0.44062299389923876
-0.4421433713871005
-0.4436895343229433
-0.4452613280917629
-0.44685859551549123
-0.4484811768687182
-0.4501289098946593
-0.4518016298213864
-0.45349916937830004
-0.4552213588128585
-0.45696802590755486
-0.45873899599713386
-0.4605340919860636
-0.4623531343662398
-0.4641959412349417
-0.46606232831301664
-0.46795210896331363
-0.46986509420934164
-0.4718010927541696
-0.47375991099955767
-0.4757413530653123
-0.4777452208088796
-0.4797713138451535
-0.48181942956652035
-0.4838893631631133
-0.4859809076432991
-0.4880938538543719
-0.49022799050347066
-0.49238310417871034
-0.49455897937051796
-0.49675539849318895
-0.49897214190663997
-0.5012089879383784
-0.5034657129056644
-0.505742091137881
-0.5080378949991036
-0.5103528949108576
-0.5126868593750825
-0.5150395549972754
-0.5174107465098362
-0.519800196795588
-0.522207666911495
-0.5246329161125511
-0.5270757018758563
-0.5295357799248718
-0.5320129042538407
-0.5345068271523965
-0.5370172992303256
-0.5395440694425141
-0.5420868851140446
-0.5446454919654707
-0.5472196341382387
-0.5498090542202755
-0.5524134932717324
-0.5550326908508727
-0.5576663850401233
-0.560314312472258
-0.5629762083567421
-0.5656518065062044
-0.5683408393630587
-0.5710430380262619
-0.5737581322781978
-0.5764858506117057
-0.5792259202572233
-0.5819780672100715
-0.5847420162578463
-0.5875174910079484
-0.5903042139152146
-0.5931019063096753
-0.5959102884244247
0.8012709205764104
0.7984420025695791
0.7956032404445266
0.7927549180750977
0.7898973202911579
0.787030732850102
0.7841554424082866
0.7812717364923607
0.7783799034705107
0.775480232523631
0.772573013616398
0.7696585374682816
0.766737095524466
0.7638089799267119
0.7608744834841403
0.7579338996439478
0.7549875224620699
0.7520356465737675
0.7490785671641719
0.7461165799387574
0.7431499810937803
0.7401790672866511
0.7372041356062756
0.7342254835433439
0.731243408960578
0.7282582100629532
0.7252701853678695
0.7222796336753083
0.719286854037945
0.7162921457312512
0.71329580822356
0.7102981411461262
0.7072994442631606
0.7043000174418506
0.7013001606223807
0.698300173787931
0.695300356934687
0.6923010100418321
0.6893024330415572
0.6863049257890648
0.6833087880325797
0.6803143193833832
0.6773218192858426
0.674331586987476
0.6713439215090193
0.6683591216145329
0.6653774857815166
0.6623993121710702
0.6594248985980738
0.6564545425014042
0.6534885409141977
0.6505271904341394
0.6475707871938114
0.6446196268310722
0.6416740044595008
0.6387342146388776
0.6358005513457358
0.632873307943961
0.6299527771554522
0.6270392510308563
0.6241330209203559
0.6212343774445422
0.6183436104653453
0.615461009057055
0.6125868614774111
0.6097214551387744
0.606865076579393
0.6040180114347405
0.6011805444089608
0.5983529592463899
0.5955355387031898
0.592728564519065
0.5899323173890956
0.5871470769356656
0.5843731216804973
0.5816107290168064
0.5788601751815555
0.5761217352278379
0.573395682997365
0.5706822910930902
0.5679818308519405
0.565294572317691
0.5626207842139566
0.5599607339173174
0.5573146874305884
0.5546829093562115
0.5520656628698026
0.5494632096938278
0.5468758100714365
0.5443037227404359
0.541747204907414
0.5392065122220254
0.5366818987514195
0.5341736169548414
0.5316819176583787
0.5292070500298864
0.5267492615540634
0.5243087980077098
0.5218859034351475
0.5194808201238128
0.5170937885800345
0.5147250475049759
0.5123748337707725
0.5100433823968373
0.5077309265263666
0.5054376974030188
0.503163924347796
0.5009098347361097
0.4986756539750411
0.496461605480806
0.4942679106564073
0.49209478886950087
0.48994245743045295
0.4878111315706146
0.48570102442079655
0.48361234698995376
-0.9184546918559097
-0.9204998854146332
-0.922523029168564
-0.9245239208050138
-0.926502360236485
-0.9284581496206846
-0.9303910933803033
-0.9323009982225754
-0.9341876731586092
-0.9360509295224824
-0.9378905809901122
-0.939706443597884
-0.9414983357610515
-0.94326607829189
-0.945009494417621
-0.9467284097980841
-0.9484226525431734
-0.9500920532300268
-0.9517364449199661
-0.9533556631751938
-0.9549495460752322
-0.956517934233121
-0.9580606708113507
-0.9595776015375486
-0.9610685747199071
-0.9625334412623496
-0.9639720546794436
-0.965384271111045
-0.9667699493366886
-0.9681289507897057
-0.9694611395710844
-0.970766382463056
-0.9720445489424188
-0.9732955111935909
-0.9745191441213887
-0.97571532536354
-0.9768839353029164
-0.9780248570794989
-0.9791379766020596
-0.9802231825595747
-0.9812803664323524
-0.982309422502886
-0.9833102478664268
-0.9842827424412716
-0.9852268089787741
-0.9861423530730666
-0.9870292831705034
-0.9878875105788134
-0.9887169494759707
-0.9895175169187771
-0.9902891328511554
-0.9910317201121556
-0.9917452044436699
-0.9924295144978603
-0.993084581844291
-0.993710340976774
-0.9943067293199171
-0.9948736872353828
-0.9954111580278524
-0.9959190879506942
-0.9963974262113394
-0.9968461249763605
-0.9972651393762549
-0.9976544275099318
-0.9980139504489023
-0.998343672241172
-0.9986435599148364
-0.9989135834813783
-0.9991537159386658
-0.9993639332736532
-0.9995442144647826
-0.9996945414840848
-0.9998148992989832
-0.9999052758737965
-0.9999656621709427
-0.9999960521518425
-0.9999964427775228
-0.9999668340089216
-0.9999072288068911
-0.9998176331319018
-0.9996980559434465
-0.9995485091991443
-0.9993690078535452
-0.999159569856634
-0.9989202161520361
-0.9986509706749221
-0.9983518603496159
-0.9980229150869002
-0.9976641677810276
-0.9972756543064294
-0.9968574135141294
-0.9964094872278585
-0.9959319202398718
-0.9954247603064703
-0.9948880581432245
-0.9943218674199038
-0.9937262447551083
-0.9931012497106083
-0.9924469447853879
-0.9917633954093934
-0.9910506699369938
-0.9903088396401415
-0.9895379787012488
-0.9887381642057664
-0.9879094761344782
-0.9870519973554999
-0.9861658136159954
-0.9852510135336001
-0.9843076885875597
-0.9833359331095831
-0.9823358442744077
-0.9813075220900842
-0.9802510693879737
-0.9791665918124663
-0.9780541978104156
-0.9769139986202946
-0.9757461082610731
0.42544935647918725
0.42667227605500785
0.4279225281754511
0.4291999878163459
0.43050452723279353
0.43183601597193916
0.43319432088601784
0.4345793061456711
0.43599083325352606
0.4374287610580493
0.4388929457676575
0.4403832409651011
0.441899497622101
0.4434415641142563
0.4450092862362021
0.4466025072170322
0.4482210677359773
0.4498648059383331
0.45153355745165036
0.4532271554021672
0.4549454304315011
0.4566882107135798
0.45845532197182853
0.46024658749659353
0.46206182816281444
0.4639008624479385
0.4657635064500686
0.4676495739063578
0.46955887621163106
0.47149122243725017
0.4734464193502022
0.4754242714324245
0.4774245809003585
0.4794471477247228
0.48149176965052193
0.48355824221726573
0.485646358779421
0.48775591052707007
0.48988668650679773
0.49203847364278086
0.4942110567580983
0.4964042185962505
0.49861773984287966
0.5008513991477074
0.5031049731466628
0.5053782364842259
0.5076709618359554
0.5099829199312284
0.5123138795761613
0.5146636076767311
0.5170318692620877
0.5194184275080442
0.5218230437607667
0.524245477560632
0.5266854866662805
0.529142827078834
0.5316172530662983
0.5341085171881382
0.5366163703200162
0.5391405616787103
0.5416808388471867
0.544236947799847
0.5468086329279243
0.5493956370650507
0.5519977015129673
0.554614566067397
0.5572459690440668
0.5598916473048697
0.5625513362841867
0.5652247700153341
0.5679116811571686
0.5706118010208141
0.5733248595965335
0.576050585580732
0.5787887064030804
0.5815389482537806
0.5843010361109371
0.5870746937680681
0.5898596438617172
0.5926556078991977
0.595462306286435
0.5982794583559282
0.60110678239482
0.6039439956730605
0.6067908144716883
0.6096469541111939
0.6125121289799954
0.6153860525629916
0.6182684374702211
0.6211589954655942
0.6240574374957191
0.6269634737188101
0.6298768135336648
0.6327971656087312
0.6357242379112337
0.638657737736383
0.6415973717366403
0.6445428459510543
0.6474938658346601
0.6504501362879263
0.6534113616862733
0.656377245909627
0.6593474923720386
0.662321804051335
0.6652998835188288
0.6682814329690542
0.6712661542495495
0.6742537488906761
0.6772439181354576
0.6802363629694631
0.683230784150701
0.6862268822395506
0.6892243576286976
0.6922229105731031
0.6952222412199704
0.6982220496387334