0.
-0.4950000833329167
-0.49000066665333347
-0.4850022498987522
-0.4800053329066829
-0.4750104153646608
-0.4700179967602777
-0.4650285763312336
-0.46004265301541364
-0.45506072540099446
-0.4500832916765859
-0.4451108495814126
-0.4401438963555403
-0.43518292869015257
-0.43022844267788174
-0.4252809337632004
-0.420340896692877
-0.415408825466502
-0.4104852132870879
-0.4055705525117497
-0.4006653346024694
-0.3957700500769502
-0.3908851884595653
-0.3860112382324058
-0.3811486867864327
-0.3762980203727385
-0.37145972405392247
-0.3666342816555844
-0.3618221757179431
-0.35702388744758223
-0.3522398966693302
-0.3474706817782782
-0.3427167196919411
-0.33797848580256584
-0.3332564539295928
-0.3285510962722743
-0.32386288336245506
-0.319192284017519
-0.3145397652935087
-0.3099057924384193
-0.3052908288456747
-0.3006953360077885
-0.2961197734702149
-0.29156459878539465
-0.2870302674670002
-0.2825172329443849
-0.2780259465172401
-0.27355685731046586
-0.2691104122292586
-0.264687055914421
-0.2602872306978985
-0.25591137655854623
-0.2515599310781316
-0.24723332939757653
-0.24293200417344346
-0.2386563855346704
-0.2344069010395583
-0.23018397563301535
-0.22598803160406322
-0.2218194885436081
-0.21767876330248231
-0.21356626994975936
-0.20948241973134746
-0.20542762102886525
-0.20140227931880395
-0.19740679713198023
-0.1934415740132831
-0.18950700648172014
-0.1856034879907657
-0.181731408889016
-0.17789115638115444
-0.1740831144892317
-0.17030766401426345
-0.16656518249815105
-0.16285604418592747
-0.15918061998833294
-0.15553927744472434
-0.15193238068632164
-0.14836029039979487
-0.1448233637911961
-0.1413219545502386
-0.13785641281492872
-0.13442708513655205
-0.13103431444501862
-0.12767844001457035
-0.12435979742985365
-0.12107871855236152
-0.11783553148724746
-0.11463056055051535
-0.11146412623658808
-0.10833654518625829
-0.10524813015502477
-0.10219918998181698
-0.0991900295581114
-0.09622094979744283
-0.09329224760531313
-0.09040421584950087
-0.08755714333077497
-0.08475131475401476
-0.08198701069973974
-0.07926450759605175
-0.0765840776909924
-0.07394598902531851
-0.07135050540569832
-0.06879788637833079
-0.06628838720299152
-0.06382225882750686
-0.06139974786265917
-0.05902109655752624
-0.056686542775256366
-0.05439631996928229
-0.05215065715997619
-0.049949778911747456
-0.047793905310587026
-0.045683251942058356
-0.04361802986973945
-0.041598445614116575
0.9603752988680678
0.9623030062040101
0.9641844836245833
0.9660195429836131
0.9678080007766929
0.9695496781595339
0.9712444009658487
0.9728919997247695
0.9744923096777931
0.9760451707952579
0.9775504277923461
0.9790079301446124
0.9804175321030364
0.9817790927085965
0.983092475806367
0.9843575500591326
0.9855741889605223
0.9867422708476596
0.9878616789133295
0.9889323012176581
0.9899540306993071
0.99092676518618
0.9918504074056382
0.9927248649942302
0.9935500505069252
0.9943258814258599
0.9950522801685888
0.9957291740958432
0.9963564955187942
0.9969341817058224
0.9974621748887904
0.99794042226882
0.9983688760215716
0.9987474933020273
0.9990762362487741
0.9993550719877915
0.9995839726357381
0.9997629153027395
0.9998918820946785
0.9999708601149832
0.9999998414659172
0.99997882324937
0.9999078075671455
0.9997868015207525
0.9996158172106953
0.999394871735262
0.9991239871888162
0.9988031906595869
0.9984325142269594
0.9980119949582684
0.99754167490509
0.997021601099038
0.9964518255470592
0.9958324052262343
0.9951634020780791
0.9944448830023507
0.9936769198503582
0.9928595894177767
0.9919929734369685
0.9910771585688092
0.9901122363940227
0.9890983034040224
0.988035460991262
0.9869238154390976
0.9857634779111577
0.9845545644402282
0.9832971959166488
0.9819914980762241
0.9806376014876499
0.9792356415394571
0.977785758426472
0.9762880971357977
0.9747428074323152
0.9731500438437073
0.9715099656450052
0.9698227368426624
0.9680885261581531
0.9663075070111002
0.9644798575019347
0.9626057603940841
0.9606854030956977
0.9587189776409049
0.9567066806706126
0.9546487134128409
0.9525452816626004
0.9503965957613136
0.9482028705757799
0.9459643254766898
0.9436811843166877
0.941353675407987
0.9389820314995391
0.9365664897537582
0.9341072917228064
0.9316046833244369
0.9290589148174044
0.926470240776438
0.9238389200667849
0.9211652158183228
0.9184493953992489
0.9156917303893415
0.912892496552804
0.910051973810687
0.907170446212898
0.904248201909795
0.9012855331233736
0.8982827361180432
0.8952401111710024
0.8921579625422099
0.8890365984439605
0.8858763310100628
0.8826774762646268
0.879440354090461
0.8761652881970854
0.87285260608836
0.8695026390297353
0.8661157220151257
-0.13730780626659023
-0.14076760346543687
-0.14426332360457783
-0.14779461711491193
-0.1513611308700311
-0.1549625082215318
-0.15859838903468015
-0.16226840972442452
-0.16597220329175455
-0.16970939936039964
-0.1734796242138676
-0.1772825008328146
-0.18111764893274818
-0.1849846850020539
-0.1888832223403477
-0.19281287109714412
-0.19677323831084265
-0.20076392794802178
-0.20478454094304366
-0.20883467523795907
-0.21291392582271385
-0.2170218847756486
-0.22115814130429168
-0.2253222817864367
-0.22951388981150572
-0.23373254622218942
-0.23797782915636195
-0.24224931408926792
-0.24654657387597328
-0.2508691787940807
-0.2552166965867002
-0.25958869250567584
-0.2639847293550587
-0.26840436753482744
-0.27284716508484674
-0.2773126777290644
-0.2818004589199369
-0.2863100598830851
-0.2908410296621705
-0.29539291516399135
-0.29996526120379025
-0.3045576105507739
-0.30916950397383414
-0.3138004802874723
-0.31845007639791584
-0.3231178273494286
-0.32780326637080504
-0.33250592492204767
-0.33722533274122
-0.3419610178914731
-0.3467125068082385
-0.3514793243465838
-0.3562609938287278
-0.3610570370917066
-0.365866974535191
-0.37069032516944456
-0.37552660666342375
-0.3803753353930088
-0.3852360264893679
-0.39010819388744156
-0.3949913503745504
-0.3998850076391147
-0.40478867631948645
-0.40970186605288356
-0.4146240855244273
-0.4195548425162721
-0.4244936439568281
-0.4294399959700664
-0.4343934039249081
-0.43935337248468515
-0.4443194056566752
-0.4492910068416991
-0.4542676788837816
-0.45924892411986545
-0.4642342444295784
-0.46922314128504344
-0.47421511580073267
-0.47920966878335475
-0.48420630078177307
-0.48920451213695204
-0.49420380303192085
-0.4992036735417566
-0.5042036236835743
-0.5092031534665269
-0.5142017629418019
-0.5191989522526177
-0.524194221684207
-0.5291870717137901
-0.5341770030605238
-0.5391635167354326
-0.5441461140913038
-0.5491242968725544
-0.5540975672650542
-0.5590654279459089
-0.5640273821331898
-0.5689829336356136
-0.5739315869021593
-0.5788728470716243
-0.5838062200221091
-0.5887312124204302
-0.5936473317714516
-0.5985540864673349
-0.6034509858366999
-0.6083375401936898
-0.6132132608869416
-0.6180776603484485
-0.6229302521423186
-0.6277705510134156
-0.6325980729358867
-0.637412335161562
-0.6422128562682312
-0.6469991562077838
-0.6517707563542147
-0.6565271795514851
-0.6612679501612395
-0.665992594110367
-0.6707006389384105
0.32460838615519005
0.31993495026401575
0.31527952072776144
0.310642563085501
0.30602454102913484
0.3014259163570199
0.2968471489277916
0.29228869661437684
0.2877510152582087
0.2832345586236411
0.2787397783525738
0.2742671239192884
0.2698170425855009
0.26538997935563646
0.26098637693232857
0.25660667567215034
0.25225131354157754
0.24792072607319426
0.2436153463221381
0.23933560482279675
0.2350819295457533
0.23085474585499122
0.2266544764653564
0.22248154140028809
0.21833635794981499
0.21421934062882814
0.21013090113562843
0.20607144831075863
0.20204138809611788
0.1980411234943697
0.19407105452864037
0.19013157820251836
0.18622308846035313
0.1823459761478622
0.17850062897304558
0.17468743146741633
0.17090676494754753
0.1671590074769404
0.16344453382821916
0.159763715445653
0.15611692040801312
0.15250451339176402
0.1489268556345973
0.14538430489930693
0.14187721543801474
0.13840593795674394
0.13497081958035023
0.13157220381780838
0.12821043052786268
0.12488583588504054
0.1215987523460359
0.11834950861646332
0.11513842961798781
0.11196583645583386
0.1088320463866736
0.10573737278690248
0.10268212512130132
0.09966660891209117
0.09669112570837973
0.09375597305600786
0.09086144446779487
0.08800782939418711
0.08519541319431456
0.08242447710745326
0.07969529822490273
0.07700814946227674
0.07436329953221277
0.07176101291749942
0.06920154984462973
0.06668516625777787
0.0642121137932059
0.06178263975409931
0.05939698708583735
0.05705539435169865
0.05475809570900575
0.05250532088570825
0.05029729515741116
0.04813423932484717
0.04601636969179729
0.04394389804345983
0.04191703162527255
0.039935973122187995
0.038000920638406044
0.036112067677562254
0.034269603123378733
0.0324737112207753
0.030724571557446068
0.029022359045899504
0.02736724390596834
0.025759391647787178
0.02419896305524194
0.022686114169891802
0.021220996275364445
0.019803755882228324
0.018434534713341666
0.017113469689680583
0.015840692916646415
0.014616331670855853
0.013440508387413064
0.01231334064766676
0.011234941167451495
0.010205417785816573
0.009224873454242222
0.008293406226344613
0.007411109248070258
0.006578070748381737
0.005794374030434701
0.005060097463248037
0.004375314473866521
0.0037400935400184188
0.00315449818326774
0.002618586962662206
0.0021324134688773255
0.0016960263188572355
0.0013094691509533685
0.0009727806205602763
-0.9993140056037495
-0.9995508608435923
-0.999737761413642
-0.999874688623997
-0.9999616287820504
-0.999998573193859
-0.9999855181650122
-0.9999224650010021
-0.9998094200070927
-0.999646394487689
-0.9994334047452071
-0.9991704720784438
-0.9988576227804467
-0.9984948881358848
-0.9980823044179203
-0.9976199128845813
-0.9971077597746356
-0.9965458963029676
-0.9959343786554563
-0.9952732679833566
-0.9945626303971848
-0.9938025369601077
-0.9929930636808352
-0.9921342915060207
-0.9912263063121662
-0.9902691988970345
-0.9892630649705693
-0.9882080051453248
-0.9871041249264045
-0.9859515347009105
-0.9847503497269043
-0.983500690121883
-0.9822026808507652
-0.9808564517133966
-0.9794621373315693
-0.978019877135559
-0.9765298153501838
-0.9749921009803804
-0.9734068877963045
-0.9717743343179532
-0.9700946037993141
-0.9683678642120395
-0.9665942882286488
-0.9647740532052625
-0.962907341163866
-0.9609943387741082
-0.9590352373346335
-0.9570302327539535
-0.9549795255308553
-0.9528833207343522
-0.9507418279831774
-0.9485552614248212
-0.9463238397141174
-0.9440477859913772
-0.9417273278600766
-0.939362697364095
-0.9369541309645112
-0.934501869515958
-0.9320061582425372
-0.9294672467132961
-0.9268853888172717
-0.924260842738102
-0.9215938709282083
-0.9188847400825488
-0.9161337211119507
-0.9133410891160179
-0.9105071233556234
-0.9076321072249818
-0.9047163282233097
-0.9017600779260777
-0.8987636519558522
-0.895727349952733
-0.8926514755443903
-0.8895363363157016
-0.8863822437779936
-0.8831895133378922
-0.8799584642657805
-0.8766894196638733
-0.8733827064339061
-0.8700386552444472
-0.8666576004978283
-0.8632398802967065
-0.8597858364102537
-0.8562958142399808
-0.852770162785196
-0.8492092346081068
-0.8456133857985633
-0.8419829759384503
-0.8383183680657285
-0.8346199286381311
-0.8308880274965185
-0.8271230378278958
-0.8233253361280917
-0.8194953021641118
-0.8156333189361604
-0.8117397726393427
-0.8078150526250432
-0.8038595513619928
-0.7998736643970219
-0.7958577903155046
-0.7918123307015037
-0.7877376900976085
-0.7836342759644843
-0.7795024986401244
-0.7753427712988188
-0.7711555099098348
-0.7669411331958221
-0.7627000625909396
-0.7584327221987144
-0.7541395387496291
-0.7498209415584512
-0.7454773624813005
-0.7411092358724658
-0.7367169985409675
-0.7323010897068787
-0.7278619509574024
0.27659997379728496
0.28108423836842655
0.285590394333302
0.2901179910800705
0.29466657585282957
0.2992356937968927
0.3038248880042731
0.30843369955937433
0.31306166758488196
0.3177083292878493
0.3223732200059787
0.3270558732540856
0.3317558207707479
0.3364725925651297
0.3412057169639826
0.34595472065881094
0.3507191287532032
0.35549846481031944
0.36029225090053707
0.3651000076492419
0.36992125428476597
0.37475550868646257
0.3796022874329204
0.3844611058503039
0.3893314780608207
0.39421291703130745
0.3991049346219355
0.4040070416350225
0.4089187478639525
0.41383956214219486
0.41876899239242293
0.4237065456757194
0.42865172824087117
0.43360404557374166
0.43856300244672497
0.44352810296826634
0.4484988506324511
0.45347474836865553
0.4584552985912518
0.46344000324936846
0.4684283638766936
0.4734198816413219
0.47841405739563564
0.4834103917262216
0.4884083850038103
0.4934075374332394
0.498407349103431
0.5034073200373851
0.5084069502421749
0.5134057397589467
0.5184031887129135
0.5233987973633449
0.5283920661535391
0.5333824957607782
0.5383695871462595
0.5433528416050006
0.5483317608157087
0.5533058468906118
0.5582746024252468
0.5632375305482014
0.5681941349707988
0.5731439200367274
0.578086390771606
0.5830210529324786
0.587947413057242
0.5928649785139889
0.5977732575502721
0.6026717593422773
0.6075599940439078
0.6124374728357669
0.6173037079740404
0.6221582128392689
0.6270005019850116
0.6318300911863892
0.6366464974885067
0.6414492392547465
0.6462378362149348
0.6510118095133661
0.6557706817566893
0.6605139770616448
0.6652412211026555
0.6699519411592564
0.6746456661633679
0.6793219267464001
0.6839802552861923
0.6886201859537722
0.6932412547599397
0.6978429996016654
0.7024249603082992
0.706986678687589
0.7115276985714984
0.7160475658618236
0.7205458285756012
0.7250220368903089
0.7294757431888451
0.7339065021042921
0.7383138705644497
0.7426974078361451
0.7470566755693041
0.7513912378407863
0.7557006611979762
0.7599845147021294
0.7642423699714653
0.7684738012240059
0.772678385320151
0.7768557018049953
0.7810053329503714
0.7851268637966233
0.7892198821941001
0.7932839788443732
0.7973187473411643
0.8013237842109862
0.8052986889534895
0.809243064081512
0.813156515160828
0.8170386508495907
0.8208890829374669
-0.1752925736155444
-0.17150670064060547
-0.16775367672185898
-0.16403387715856893
-0.16034767392759258
-0.15669543564618077
-0.15307752753511816
-0.14949431138220065
-0.1459461455060581
-0.14243338472032108
-0.13895638029814078
-0.13551547993706176
-0.1321110277242532
-0.12874336410209913
-0.1254128258341553
-0.12211974597147285
-0.11886445381929439
-0.11564727490412208
-0.11246853094116649
-0.109328539802175
-0.10622761548364457
-0.10316606807542344
-0.1001442037297009
-0.09716232463039337
-0.0942207289629256
-0.09131971088441354
-0.08845956049424725
-0.08564056380508234
-0.08286300271423824
-0.08012715497551004
-0.07743329417139133
-0.0747816896857178
-0.07217260667672803
-0.06960630605054913
-0.06708304443510504
-0.06460307415445443
-0.06216664320355869
-0.05977399522348281
-0.05742536947703086
-0.05512100082482019
-0.05286111970179558
-0.05064595209418654
-0.0484757195169076
-0.04635063899140801
-0.044270923023969344
-0.04223677958445521
-0.04024841208551466
-0.03830601936224054
-0.036409795652286525
-0.03455993057644319
-0.03275660911967698
-0.03100001161263055
-0.029290313713590865
-0.027627686390922945
-0.02601229590597376
-0.02444430379644552
-0.022923866860242614
-0.021451137139791354
-0.02002626190683693
-0.018649383647714957
-0.017320640049104108
-0.016040163984256728
-0.014808083499712521
-0.013624521802493128
-0.01248959724778187
-0.011403423327088491
-0.01036610865690002
-0.009377756967818951
-0.008438467094190605
-0.007548332964219584
-0.006707443590577067
-0.005915883061499816
-0.005173730532381016
-0.004481060217855104
-0.0038379413843762644
-0.0032444383432920776
-0.002700610444411944
-0.002206512070072608
-0.001762192629699677
-0.0013676965548670705
-0.0010230632948534102
-0.0007283273126975076
-0.00048351808175201016
-0.0002886600827360364
-0.0001437728012870232
-0.000048870726012395505
-3.963347040614185e-6
-9.055155072212884e-6
-0.0000641456409304908
-0.000169229295612916
-0.0003242956108415185
-0.0005293290801139938
-0.0007843092002542962
-0.0010892104734628316
-0.0014440024098664739
-0.0018486495305671813
-0.0023031113711900475
-0.002807342485929787
-0.0033612924520950993
-0.003964905875151026
-0.0046181223942582394
-0.005320876688309106
-0.00607309848245996
-0.006874712555158147
-0.007725638745664454
-0.008625791962069085
-0.009575082189800244
-0.010573414500626321
-0.011620689062148193
-0.012716801147782508
-0.013861641147233983
-0.015055094577456851
-0.016297042094102543
-0.01758735950345458
-0.018925917774846868
-0.020312583053567923
0.9782527833257546
0.9767703248252871
0.9752401896896444
0.9736625309310649
0.9720375063141098
0.9703652783398866
0.9686460142297988
0.9668798859088253
0.9650670699883264
0.9632077477483831
0.9613021051196702
0.9593503326648624
0.9573526255595788
0.9553091835728652
0.953220211047217
0.9510859168781467
0.9489065144932922
0.946682221831076
0.9444132613189105
0.9420998598509563
0.9397422487654324
0.9373406638214826
0.9348953451755995
0.9324065373576109
0.9298744892462241
0.9272994540441403
0.9246816892527336
0.9220214566463021
0.9193190222458891
0.916574656292683
0.913788633220992
0.9109612316308011
0.9080927342599141
0.9051834279556774
0.9022336036462968
0.8992435563117451
0.8962135849542642
0.8931439925684646
0.8900350861110271
0.8868871764700061
0.8837005784337436
0.8804756106593872
0.8772125956410267
0.8739118596774449
0.8705737328394876
0.8671985489370566
0.8637866454857299
0.8603383636730084
0.8568540483242012
0.853334047867939
0.849778714301334
0.8461884031547802
0.8425634734564003
0.8389042876961433
0.8352112117895361
0.8314846150410911
0.8277248701073787
0.8239323529597588
0.8201074428467856
0.8162505222562831
0.8123619768770962
0.8084421955605223
0.8044915702814268
0.8005104960990452
0.7964993711174775
0.7924585964458808
0.7883885761583542
0.7842897172535348
0.7801624296138974
0.7760071259647665
0.7718242218330442
0.767614135505658
0.7633772879877316
0.7591141029604875
0.7548250067388752
0.7505104282289423
0.7461707988849446
0.7418065526662
0.7374181259936936
0.7330059577064356
0.7285704890175771
0.7241121634702925
0.7196314268934203
0.7151287273568844
0.710604515126886
0.7060592426208783
0.7014933643623239
0.6969073369352439
0.6923016189385591
0.6876766709402305
0.6830329554312056
0.6783709367791643
0.6736910811820871
0.6689938566216338
0.6642797328163461
0.6595491811746761
0.6548026747478457
0.6500406881825416
0.6452636976734536
0.6404721809156508
0.6356666170568164
0.6308474866493313
0.6260152716022205
0.6211704551329619
0.616313521719165
0.6114449570501229
0.6065652479782473
0.6016748824703778
0.5967743495589901
0.5918641392932915
0.5869447426902168
0.5820166516853268
0.5770803590836151
0.5721363585102286
0.5671851443611037
0.5622272117535309
-0.44273694352336146
-0.4477068250581824
-0.45268193586691996
-0.4576617784426393
-0.4626458548052326
-0.4676336665512171
-0.4726247149035754
-0.47761850076162987
-0.48261452475095695
-0.4876122872733211
-0.4926112885566349
-0.49761102870493573
-0.5026110077483753
-0.5076107256932159
-0.5126096825718303
-0.5176073784926946
-0.5226033136903824
-0.5275969885755373
-0.532587903784832
-0.5375755602309047
-0.5425594591522671
-0.5475391021631805
-0.5525139913034933
-0.5574836290884382
-0.5624475185583762
-0.5674051633284978
-0.5723560676384573
-0.5772997364019494
-0.5822356752562177
-0.5871633906114898
-0.5920823897003367
-0.5969921806269495
-0.6018922724163253
-0.6067821750633693
-0.6116613995818919
-0.6165294580535072
-0.6213858636764247
-0.626230130814129
-0.6310617750439435
-0.6358803132054721
-0.6406852634489125
-0.6454761452832454
-0.6502524796242797
-0.6550137888425616
-0.6597595968111368
-0.6644894289531635
-0.6692028122893691
-0.6738992754853474
-0.6785783488986938
-0.6832395646259641
-0.6878824565494711
-0.6925065603838914
-0.6971114137226947
-0.7016965560843849
-0.7062615289585463
-0.7108058758516961
-0.7153291423329324
-0.719830876079375
-0.7243106269214015
-0.7287679468876607
-0.7332023902498704
-0.7376135135673899
-0.7420008757315633
-0.7463640380098301
-0.7507025640895995
-0.7550160201218772
-0.7593039747646554
-0.7635659992260431
-0.7678016673071457
-0.7720105554446849
-0.7761922427533544
-0.780346311067908
-0.784472344984976
-0.7885699319046056
-0.7926386620715182
-0.7966781286160884
-0.8006879275950279
-0.8046676580317804
-0.8086169219566186
-0.812535324446441
-0.816422473664264
-0.8202779808984059
-0.8241014606013546
-0.8278925304283268
-0.831650811275499
-0.8353759273179184
-0.8390675060470851
-0.8427251783082024
-0.8463485783370922
-0.8499373437967719
-0.8534911158136846
-0.8570095390135909
-0.8604922615571029
-0.8639389351748683
-0.8673492152023977
-0.8707227606145302
-0.8740592340595359
-0.8773583018928506
-0.8806196342104406
-0.8838429048817913
-0.8870277915825215
-0.8901739758266158
-0.8932811429982712
-0.89634898238336
-0.8993771872005002
-0.9023654546317336
-0.9053134858528077
-0.9082209860630561
-0.9110876645148813
-0.9139132345428269
-0.9166974135922447
-0.91943992324755
-0.9221404892600626
-0.9247988415754318
-0.9274147143606419
-0.929987846030593
-0.9325179792742633
0.0649951389195636
0.06255175723699563
0.06015212001416498
0.05779646721279419
0.055485034396200394
0.05321805270573915
0.050995748837689814
0.04881834502058818
0.046686058993001045
0.04459910398175421
0.04255768868060972
0.04056201722939656
0.03861228919359666
0.03670869954438899
0.034851438639151744
0.03304069220242839
0.03127664130735336
0.029559462357546085
0.02788932706947056
0.02626640245526385
0.024690850806034947
0.023162829675635765
0.021682491864905784
0.020249985406393
0.018865453549549216
0.01752903474640638
0.016240862637731057
0.015001066039660726
0.01380976893082203
0.012667090439933026
0.011573144833890603
0.010528041506343622
0.009531884966754223
0.008584774829946129
0.007686805806143671
0.006838067691500971
0.006038645359122241
0.005288618750574459
0.004588062867893539
0.003937047766083834
0.0033356385461131843
0.002783895348402343
0.0022818733468112917
0.001829622743121817
0.0014271887620174728
0.001074611646560919
0.0007719266541699743
0.0005191640530915476
0.0003163491193752255
0.0001635021343452947
0.000060638382572919536
7.76815034753131e-6
4.896724648262296e-6
0.00005202439261536851
0.0001491464415213084
0.00029625315924203255
0.0004933298352285398
0.0007403567619773121
0.0010373092370015158
0.0013841575653011917
0.0017808670623325473
0.002227398057476404
0.002723705898005413
0.0032697409535490385
0.003865448621056977
0.004510769330258624
0.005205638549620917
0.005949986792800954
0.006743739625594769
0.007586817673380486
0.008479136629055917
0.009420607261469094
0.010411135424341522
0.011450622065681926
0.012538963237692713
0.013676050107163495
0.014861768966354938
0.016096001244369273
0.017378623519007208
0.018709507529110048
0.020088520187385883
0.02151552359371839
0.022990375048955514
0.024512927069181067
0.026083027400461756
0.02770051903407289
0.029365240222199107
0.031077024494108707
0.03283570067280106
0.03464109289212419
0.036493020614359994
0.03839129864827978
0.040335737167662145
0.04232614173027549
0.04436231329732215
0.04644404825334231
0.04857113842657507
0.05074337110977606
0.05296052908148646
0.05522239062775708
0.05752872956431809
0.059879315259197874
0.062273912655785746
0.06471228229633746
0.067194180345921
0.06971935861679968
0.07228756459325109
0.07489854145681685
0.07755202811198691
0.08024775921230703
0.08298546518691347
0.0857648722674903
0.08858570251564557
0.09144767385070518
0.09435050007792112
0.09729389091708862
-0.8997224479684229
-0.8966988149422386
-0.8936355123651412
-0.8905328465648358
-0.8873911278053168
-0.8842106702558423
-0.880991791959516
-0.8777348148014865
-0.8744400644767548
-0.8711078704576078
-0.8677385659606706
-0.864332487913585
-0.8608899769213175
-0.8574113772320986
-0.8538970367029981
-0.85034730676514
-0.8467625423885612
-0.8431431020467113
-0.8394893476806083
-0.8358016446626442
-0.8320803617600476
-0.8283258710980077
-0.8245385481224619
-0.820718771562551
-0.8168669233927495
-0.8129833887946635
-0.8090685561185167
-0.8051228168443143
-0.8011465655426955
-0.7971401998354772
-0.7931041203558914
-0.7890387307085218
-0.7849444374289469
-0.7808216499430821
-0.7766707805262402
-0.7724922442619039
-0.7682864590002174
-0.7640538453162024
-0.7597948264676998
-0.7555098283530446
-0.7511992794684791
-0.7468636108652987
-0.7425032561067508
-0.7381186512246776
-0.7337102346759135
-0.7292784472984397
-0.7248237322673008
-0.7203465350502876
-0.7158473033633901
-0.7113264871260292
-0.7067845384160605
-0.70222191142457
-0.6976390624104549
-0.6930364496547974
-0.6884145334150376
-0.6837737758789477
-0.6791146411184135
-0.67443759504303
-0.6697431053535063
-0.6650316414948996
-0.6603036746096691
-0.6555596774905637
-0.6508001245333418
-0.6460254916893329
-0.6412362564178418
-0.6364328976384062
-0.6316158956829004
-0.626785732247506
-0.6219428903445412
-0.6170878542541607
-0.6122211094759277
-0.6073431426802643
-0.6024544416597852
-0.5975554952805178
-0.5926467934330191
-0.5877288269833825
-0.5828020877241546
-0.577867068325156
-0.5729242622842138
-0.5679741638778131
-0.5630172681116696
-0.5580540706712284
-0.553085067872099
-0.54811075661042
-0.5431316343131719
-0.5381481988884356
-0.5331609486756004
-0.5281703823955316
-0.5231769991006986
-0.5181812981252687
-0.5131837790351782
-0.5081849415781707
-0.503185285633826
-0.49818531116357245
-0.4931855181606903
-0.4881864066003133
-0.48318847638943163
-0.47819222731690153
-0.47319815900346573
-0.4682067708517957
-0.46321856199654615
-0.4582340312544459
-0.45325367707441533
-0.44827799748772224
-0.44330749005817877
-0.43834265183238597
-0.43338397929002803
-0.4284319682942288
-0.4234871140419603
-0.41854991101452715
-0.4136208529281177
-0.408700432684433
-0.4037891423213972
-0.3988874729639537
-0.3939959147749529
-0.38911495690613895
0.6157549125507695
0.6206132066128849
0.6254594394548498
0.6302931264574183
0.6351137842559184
0.6399209307885872
0.6447140853447777
0.6494927686130292
0.6542565027289954
0.6590048113232353
0.6637372195688465
0.6684532542289481
0.673152443704004
0.6778343180789828
0.6824984091703483
0.6871442505728792
0.691771377706305
0.6963793278617691
0.700967640248096
0.7055358560378704
0.7100835184133205
0.7146101726119982
0.7191153659722559
0.7235986479785127
0.7280595703063024
0.7324976868671106
0.7369125538529795
0.7413037297808895
0.7456707755369072
0.7500132544200961
0.7543307321861868
0.7586227770910005
0.7628889599336239
0.7671288540993269
0.7713420356022263
0.7755280831276832
0.7796865780744333
0.7838171045964474
0.7879192496445153
0.7919926030075506
0.7960367573536122
0.8000513082706342
0.8040358543068711
0.8079899970110398
0.8119133409721646
0.8158054938591193
0.8196660664598585
0.823494672720339
0.8272909297831263
0.8310544580256761
0.8347848810983012
0.8384818259618028
0.8421449229247755
0.8457738056805757
0.8493681113439515
0.8529274804873321
0.8564515571767694
0.8599399890075314
0.8633924271393412
0.8668085263312629
0.8701879449762243
0.873530345135177
0.8768353925708905
0.8801027567813753
0.8833321110329331
0.8865231323928306
0.8896755017615899
0.8927889039049015
0.8958630274851456
0.8988975650925259
0.9018922132758105
0.9048466725726765
0.9077606475396565
0.9106338467816824
0.9134659829812233
0.9162567729270199
0.9190059375424033
0.9217132019132029
0.9243782953152377
0.9270009512413884
0.929580907428248
0.9321179058823474
0.9346116929059562
0.9370620191224492
0.9394686395012471
0.9418313133823175
0.9441498045002412
0.9464238810078386
0.9486533154993537
0.9508378850331956
0.9529773711542313
0.9550715599156312
0.9571202419002645
0.9591232122416401
0.9610802706443929
0.9629912214043136
0.9648558734279186
0.9666740402515593
0.9684455400600691
0.9701701957049425
0.9718478347220524
0.9734782893488955
0.9750613965413675
0.9765969979900686
0.9780849401361337
0.9795250741865877
0.9809172561292262
0.9822613467470149
0.9835572116320118
0.9848047211988086
0.9860037506974879
0.9871541802260995
0.9882558947426487
0.9893087840766024
0.9903127429399043
0.991267670937505
0.9921734725774001
-0.0069699427198193775
-0.006162660611909843
-0.00540476182640931
-0.004696322152564825
-0.00403741243375344
-0.00342809856039783
-0.0028684414633776134
-0.0023584971079362305
-0.0018983164880841397
-0.0014879456214998976
-0.0011274255449281734
-0.0008167923100762531
-0.0005560769800086462
-0.0003453056260411813
-0.00018449932513353584
-0.0000736741577818667
-0.000012841206410540984
-2.0065542640224088e-6
-0.0000411712847984691
-0.00013033148157348684
-0.00026947822864364923
-0.0004585976114501733
-0.0006976707182125286
-0.0009866736418192024
-0.001325577482218565
-0.0017143483493090583
-0.002152947366327984
-0.0026413306737391173
-0.0031794494336186974
-0.003767249834539188
-0.004404673096950307
-0.0050916554790571
-0.005828128283193623
-0.006614017862693333
-0.007449245629253143
-0.008333728060792411
-0.009267376709805097
-0.010250098212204295
-0.01128179429665871
-0.01236236179441963
-0.01349169264963801
-0.014669673930168936
-0.015896187838866316
-0.017171111725361288
-0.018494318098327633
-0.019865674638230746
-0.021285044210559434
-0.022752284879539286
-0.024267249922326317
-0.02582978784367823
-0.02743974239110525
-0.029096952570494272
-0.03080125266220829
-0.0325524722376585
-0.03435043617634659
-0.03619496468337702
-0.03808587330743657
-0.0400229729592379
-0.04200606993043038
-0.04403496591296946
-0.04610945801894767
-0.04822933880088315
-0.05039439627246417
-0.052604413929747906
-0.05485917077281027
-0.057158441327846254
-0.0595019956697157
-0.06188959944493766
-0.0643210138951244
-0.066795995880857
-0.06931429790599936
-0.07187566814244756
-0.07447985045531247
-0.07712658442853332
-0.07981560539091753
-0.08254664444261017
-0.08531942848198193
-0.08813368023293944
-0.09098911827265294
-0.09388545705969781
-0.09682240696260913
-0.09979967428884451
-0.1028169613141513
-0.10587396631234186
-0.10897038358546396
-0.1121059034943706
-0.11528021248968379
-0.11849299314314926
-0.12174392417937896
-0.1250326805079784
-0.12835893325605585
-0.1317223498011073
-0.1351225938042816
-0.138559325244012
-0.1420322004500184
-0.1455408721376743
-0.14908498944273485
-0.1526641979564229
-0.1562781397608704
-0.15992645346490725
-0.16360877424020392
-0.16732473385775148
-0.17107396072468484
-0.1748560799214416
-0.17867071323925382
-0.18251747921796857
-0.18639599318419442
-0.19030586728976528
-0.1942467105505296
-0.19821812888544532
-0.20221972515598846
-0.2062510992058666
-0.2103118479010342
-0.2144015651700057
-0.2185198420444623
-0.22266626670014916
0.7731595755019454
0.768958101974122
0.7647297328602322
0.7604748909936636
0.7561940018550575
0.7518874935297601
0.7475557966650154
0.7431993444268991
0.7388185724570063
0.7344139188288827
0.7299858240042205
0.725534730788812
0.7210610842882696
0.7165653318635155
0.7120479230860455
0.707509309692972
0.702949945541854
0.6983702865653061
0.6937707907254096
0.6891519179679159
0.6845141301762513
0.6798578911253303
0.675183666435178
0.670491923524368
0.665783131563281
0.6610577614271905
0.6563162856491718
0.6515591783728512
0.6467869153049921
0.6419999736679247
0.6371988321518234
0.6323839708668388
0.6275558712950864
0.6227150162425015
0.6178618897905545
0.6129969772478463
0.6081207651015772
0.6032337409688983
0.5983363935481503
0.5934292125699943
0.5885126887484378
0.5835873137317676
0.5786535800533801
0.5737119810825317
0.5687630109750016
0.5638071646236762
0.558844937609061
0.553876826149722
0.5489033270526645
0.5439249376636552
0.5389421558174835
0.5339554797881818
0.5289654082391974
0.5239724401735268
0.5189770748838158
0.5139798119024307
0.5089811509515052
0.5039815918929678
0.49898163467856
0.4939817792998357
0.4889825257381663
0.4839843739147418
0.4789878236405796
0.4739933745665432
0.4690015261333781
0.46401277752176673
0.45902762760241483
0.4540465748861592
0.4490701174741205
0.444098753007893
0.4391329786197805
0.43417329088308365
0.4292201857624431
0.42427415856424244
0.4193357038870815
0.41440531557231197
0.40948348665465645
0.4045707093129053
0.39966747482069875
0.3947742734973999
0.3898915946590636
0.3850199265695046
0.3801597563914714
0.3753115701379334
0.37047585262347493
0.3656530874158177
0.3608437567874635
0.35604834166746735
0.3512673215933443
0.34650117466312014
0.34175037748751275
0.337015405142284
0.33229673112071934
0.32759482728629197
0.32291016382546384
0.31824320920067883
0.31359443010351185
0.3089642914079954
0.304353256124144
0.29976178535164005
0.29519033823373797
0.29063937191133676
0.2861093414772794
0.2816006999308311
0.2771138981323909
0.2726493847584013
0.268207606256476
0.2637890068007669
0.25939402824753444
0.25502311009097434
0.25067668941925697
0.2463552008708289
0.24205907659094533
0.23778874618845108
0.23354463669283088
0.22932717251149448
-0.7748632246126514
-0.7790261356433896
-0.783161144293083
-0.7872678370643154
-0.7913458032912303
-0.795394635180602
-0.7994139278526186
-0.8034032793813591
-0.8073622908349982
-0.8112905663156869
-0.8151877129991532
-0.8190533411739738
-0.8228870642805552
-0.8266884989497802
-0.8304572650413485
-0.8341929856817941
-0.8378952873021634
-0.8415637996753823
-0.8451981559532679
-0.8487979927032236
-0.8523629499445731
-0.8558926711845616
-0.8593868034540091
-0.862844997342598
-0.8662669070338237
-0.8696521903395662
-0.8730005087343184
-0.8763115273890287
-0.8795849152045933
-0.882820344844957
-0.886017492769851
-0.8891760392671493
-0.892295668484832
-0.8953760684625793
-0.8984169311629583
-0.901417952502235
-0.9043788323807743
-0.9072992747130578
-0.910178987457285
-0.91301768264458
-0.9158150764077919
-0.9185708890098734
-0.9212848448718628
-0.9239566726004336
-0.9265861050150414
-0.9291728791746348
-0.9317167364039528
-0.934217422319394
-0.9366746868544491
-0.9390882842847139
-0.9414579732524551
-0.9437835167907522
-0.9460646823471879
-0.9483012418071091
-0.9504929715164325
-0.9526396523040132
-0.9547410695035625
-0.9567970129751106
-0.9588072771260246
-0.9607716609315635
-0.9626899679549852
-0.9645620063671843
-0.966387588965881
-0.9681665331943361
-0.9698986611596087
-0.9715837996503468
-0.9732217801541045
-0.9748124388741976
-0.9763556167460783
-0.9778511594532466
-0.9792989174426777
-0.9806987459397785
-0.9820505049628666
-0.9833540593371655
-0.9846092787083247
-0.9858160375554523
-0.9869742152036703
-0.988083695836178
-0.9891443685058374
-0.9901561271462653
-0.9911188705824403
-0.9920325025408216
-0.9928969316589744
-0.9937120714947076
-0.9944778405347164
-0.9951941622027355
-0.9958609648671948
-0.9964781818483831
-0.9970457514251173
-0.9975636168409122
-0.9980317263096581
-0.998450033020798
-0.9988184951440096
-0.9991370758333874
-0.9994057432311281
-0.9996244704707158
-0.9997932356796086
-0.9999120219814265
-0.9999808174976382
-0.9999996153487495
-0.9999684136549908
-0.9998872155365055
-0.9997560291130381
-0.9995748675031211
-0.9993437488227648
-0.9990626961836448
-0.9987317376907905
-0.9983509064397755
-0.9979202405134076
-0.9974397829779207
-0.9969095818786675
-0.9963296902353164
-0.9957001660365485
-0.9950210722342591
-0.9942924767372625
-0.9935144524045011
-0.99268707703776
0.008189566626113753
0.009115390923484012
0.010090303272693113
0.011114206183318265
0.012186997265921207
0.013308569242288515
0.014478809956156302
0.015697602384429243
0.01696482464887933
0.018280350028337
0.019644046971359685
0.021055779109390382
0.022515405270391364
0.02402277949296222
0.025577751040938013
0.027180164418458552
0.028829859385522627
0.030526670974007075
0.03227042950416825
0.03406096060160568
0.03589808521470106
0.037781619632525354
0.03971137550320497
0.04168715985276239
0.04370877510440774
0.04577601909830198
0.047888685111766915
0.0500465618799632
0.05224943361701162
0.05449708003757331
0.056789276378880815
0.05912579342320862
0.06150639752080095
0.06393085061323023
0.06639891025720934
0.06891032964882876
0.071464857648244
0.07406223880478302
0.07670221338249372
0.07938451738612007
0.08210888258749516
0.084875036552371
0.08768270266765432
0.0905316001690753
0.0934214441692568
0.09635194568620603
0.0993228116722154
0.10233374504316001
0.1053844447082139
0.10847460559995065
0.11160391870485842
0.11477207109423232
0.1179787459554757
0.12122362262377356
0.12450637661416192
0.12782667965397976
0.13118419971568762
0.13457860105007963
0.13800954421984862
0.1414766861335391
0.14497968007984657
0.14851817576229803
0.15209181933427274
0.1557002534343902
0.15934311722225003
0.16302004641450651
0.1667306733213072
0.17047462688305087
0.17425153270750404
0.17806101310723033
0.1819026871373629
0.18577617063370294
0.1896810762511259
0.1936170135023269
0.19758358879685795
0.20158040548049788
0.20560706387490618
0.20966316131760176
0.21374829220221908
0.21786204801907239
0.2220040173960111
0.2261737861395462
0.23037093727628105
0.23459505109459666
0.23884570518663423
0.24312247449052382
0.24742493133290194
0.25175264547166826
0.2561051841390138
0.26048211208470196
0.2648829916195825
0.2693073826593725
0.27375484276865175
0.2782249272051187
0.28271718896405323
0.28723117882302135
0.29176644538680196
0.29632253513251494
0.30089899245498564
0.30549535971229225
0.31011117727154264
0.314745983554824
0.3193993150853738
0.3240707065339149
0.32875969076519374
0.3334657988846979
0.3381885602855339
0.34292750269550065
0.34768215222430277
0.3524520334109531
0.3572366692713044
0.3620355813457612
0.3668482897471135
0.37167431320852995
0.37651316913168953
0.38136437363502895
-0.6137725583978562
-0.6088981132697133
-0.60401277842099
-0.5991170423811015
-0.594211394719574
-0.5892963259970819
-0.5843723277164052
-0.5794398922732653
-0.5744995129070994
-0.5695516836517238
-0.5645968992859443
-0.559635655284065
-0.5546684477663535
-0.5496957734494241
-0.544718129596561
-0.5397360139680049
-0.5347499247711635
-0.5297603606108049
-0.5247678204391837
-0.5197728035061602
-0.5147758093092615
-0.509777337543745
-0.5047778880526237
-0.4997779607766769
-0.4947780557044692
-0.48977867282233767
-0.4847803120644079
-0.4797834732625869
-0.4747886560965926
-0.46979636004398106
-0.4648070843301937
-0.45982132787864777
-0.45483958926083007
-0.4498623666464545
-0.44489015775363133
-0.43992345979910985
-0.43496276944854306
-0.4300085827668339
-0.4250613951685238
-0.42012170136824656
-0.4151899953312691
-0.4102667702240821
-0.40535251836509695
-0.4004477311754009
-0.3955528991296291
-0.39066851170690364
-0.38579505734189823
-0.3809330233759899
-0.3760828960085201
-0.3712451602481872
-0.3664202998645325
-0.36160879733957696
-0.3568111338195602
-0.3520277890668378
-0.3472592414119006
-0.34250596770553704
-0.33776844327115996
-0.33304714185726164
-0.32834253559005233
-0.3236550949262349
-0.3189852886059729
-0.3143335836060036
-0.30970044509295225
-0.3050863363768107
-0.3004917188646024
-0.2959170520142529
-0.2913627932886318
-0.28682939810981967
-0.2823173198135534
-0.2778270096039057
-0.2733589165081525
-0.2689134873318816
-0.2644911666143076
-0.2600923965838139
-0.255717617113741
-0.25136726567838724
-0.2470417773092739
-0.2427415845516303
-0.2384671174211503
-0.23421880336098627
-0.2299970671990011
-0.2258023311052958
-0.2216350145499812
-0.21749553426124302
-0.2133843041836576
-0.20930173543680974
-0.20524823627416894
-0.20122421204227514
-0.19723006514019947
-0.19326619497930098
-0.18933299794329528
-0.1854308673486056
-0.1815601934050423
-0.17772136317677156
-0.17391476054361987
-0.17014076616267565
-0.16639975743023339
-0.16269210844405013
-0.1590181899659322
-0.15537836938466842
-0.15177301067928117
-0.14820247438263906
-0.1446671175453938
-0.14116729370028425
-0.13770335282677965
-0.13427564131607828
-0.13088450193647722
-0.1275302737990861
-0.12421329232392586
-0.12093388920637749
-0.11769239238402229
-0.11448912600383893
-0.11132441038979718
-0.10819856201082234
-0.10511189344914518
-0.10206471336905187
-0.09905732648600896
0.9039099664637993
0.9068368687535526
0.9097230876954593
0.9125683346700322
0.9153723251549438
0.9181347787534815
0.9208554192225892
0.9235339745004854
0.9261701767338764
0.9287637623047336
0.931314471856663
0.9338220503208345
0.9362862469414902
0.9387068153010232
0.9410835133446132
0.9434161034044377
0.9457043522234333
0.9479480309786263
0.9501469153040096
0.9523007853129843
0.9544094256203438
0.9564726253638138
0.9584901782251407
0.9604618824507183
0.9623875408717685
0.9642669609240524
0.9660999546671325
0.9678863388031607
0.969625934695213
0.9713185683851494
0.9729640706110109
0.9745622768239472
0.976113027204668
0.9776161666794283
0.9790715449355323
0.9804790164363681
0.9818384404359582
0.983149680993035
0.9844126069846362
0.9856270921192145
0.986793014949269
0.9879102588834878
0.988978712198409
0.9899982680495911
0.9909688244822991
0.9918902844416981
0.9927625557825599
0.9935855512784777
0.9943591886305874
0.9950833904757989
0.9957580843945306
0.9963832029179536
0.9969586835347357
0.9974844686972956
0.9979605058275547
0.9983867473221965
0.9987631505574271
0.9990896778932365
0.9993662966771634
0.9995929792475596
0.9997697029363573
0.9998964500713347
0.9999732079778838
0.9999999689802781
0.9999767304024398
0.999903494568207
0.9997802688011023
0.9996070654235996
0.9993839017558924
0.9991108001141615
0.9987877878083433
0.9984148971393996
0.9979921653960862
0.9975196348512254
0.9969973527574776
0.9964253713426174
0.9958037478043091
0.995132544304389
0.9944118279626473
0.9936416708501179
0.9928221499818703
0.9919533473093081
0.9910353497119749
0.990068248988865
0.9890521418492455
0.9879871299029828
0.9868733196503843
0.9857108224715476
0.984499754615221
0.9832402371871818
0.9819323961381221
0.9805763622510583
0.9791722711282478
0.9777202631776338
0.9762204835988004
0.9746730823684563
0.9730782142254354
0.9714360386552219
0.9697467198740056
0.9680104268122556
0.9662273330978324
0.9643976170386201
0.9625214616047015
0.960599054410055
0.9586305876937987
0.9566162583009646
0.954556267662812
0.9524508217766895
0.9503001311854296
0.9481044109563008
0.9458638806594948
0.9435787643461747
0.9412492905260685
0.9388756921446155
0.9364582065596774
0.9339970755177964
-0.0685074548699724
-0.07105513415267922
-0.07364570756451705
-0.07627891605030523
-0.07895449629138873
-0.08167218073197197
-0.08443169760587771
-0.08723277096371607
-0.09007512070048751
-0.09295846258358492
-0.09588250828122491
-0.09884696539127225
-0.10185153747048847
-0.10489592406416837
-0.10797982073618839
-0.11110291909945358
-0.11426490684672785
-0.11746546778187378
-0.12070428185146259
-0.12398102517678877
-0.12729537008624914
-0.13064698514811357
-0.13403553520367117
-0.13746068140073786
-0.14092208122755062
-0.14441938854700875
-0.14795225363129727
-0.15152032319684927
-0.15512324043968406
-0.15876064507107857
-0.1624321733535995
-0.16613745813748076
-0.16987612889732912
-0.17364781176918676
-0.1774521295879069
-0.18128870192488056
-0.18515714512606857
-0.1890570723503771
-0.1929880936083324
-0.19694981580108306
-0.20094184275971405
-0.20496377528485332
-0.20901521118660288
-0.2130957453247458
-0.2172049696492716
-0.2213424732411708
-0.2255078423535305
-0.22970066045291365
-0.2339205082610013
-0.23816696379653224
-0.24243960241748852
-0.24673799686357156
-0.2510617172989158
-0.25541033135508384
-0.2597834041742923
-0.2641804984529019
-0.26860117448515225
-0.27304499020712075
-0.2775115012409416
-0.2820002609392303
-0.28651082042976084
-0.2910427286603397
-0.29559553244392367
-0.3001687765039268
-0.30476200351975247
-0.3093747541725299
-0.3140065671910347
-0.318656979397828
-0.32332552575556117
-0.32801173941349215
-0.3327151517541588
-0.3374352924402447
-0.34217168946161824
-0.3469238691825207
-0.3516913563889436
-0.35647367433613575
-0.36127034479629117
-0.3660808881063575
-0.37090482321601614
-0.37574166773577417
-0.3805909379852086
-0.38545214904133906
-0.39032481478710745
-0.39520844796000315
-0.4001025602007751
-0.40500666210228115
-0.40992026325841435
-0.41484287231315725
-0.41977399700970486
-0.42471314423969486
-0.4296598200925239
-0.4346135299047253
-0.43957377830944944
-0.44454006928598583
-0.4495119062093789
-0.45448879190007785
-0.45947022867365905
-0.4644557183906
-0.46944476250608
-0.47443686211984853
-0.4794315180261008
-0.48442823076341185
-0.48942650066466836
-0.494425827907049
-0.4994257125619937
-0.504425654645202
-0.5094251541666355
-0.5144237111805048
-0.5194208258352776
-0.524415998423649
-0.5294087294325265
-0.5343985195929661
-0.5393848699301135
-0.5443672818130886
-0.5493452570048531
-0.5543182977120399
0.4407140933652812
0.4357524129838593
0.43079715730760126
0.4258488218579418
0.42090790146430423
0.41597489021461204
0.41105028140587596
0.40613456749487653
0.4012282400489049
0.39633178969662064
0.39144570607897505
0.3865704778002617
0.3817065923792423
0.3768545362004075
0.3720147944653335
0.3671878511441572
0.36237418892719186
0.35757428917664424
0.352788631878493
0.3480176955944765
0.3432619574142507
0.3385218929076672
0.3337979760772283
0.32909067931068214
0.32440047333377925
0.3197278271632122
0.31507320805970085
0.3104370814812801
0.30581991103674094
0.3012221584392819
0.296644283460333
0.2920867438835738
0.2875499954591675
0.28303449185817253
0.27854068462718934
0.27406902314319304
0.2696199545686088
0.2651939238065834
0.26079137345650627
0.2564127437697452
0.252058472605617
0.2477289953876124
0.24342474505984235
0.2391461520437559
0.23489364419508607
0.23066764676107698
0.22646858233794748
0.22229687082864202
0.21815292940083675
0.21403717244521808
0.2099500115340548
0.20589185538002913
0.20186310979537764
0.1978641776512986
0.1938954588376754
0.18995735022308358
0.18605024561510003
0.1821745357209324
0.17833060810833767
0.17451884716687655
0.17073963406946396
0.16699334673426308
0.16328035978688282
0.15960104452292512
0.15595576887085155
0.15234489735518703
0.14876879106007668
0.14522780759316734
0.1417223010498574
0.13825262197787752
0.13481911734224594
0.1314221304905625
0.12806200111868282
0.12473906523674516
0.12145365513556622
0.11820609935342069
0.11499672264317812
0.11182584593983741
0.10869378632842419
0.10560085701229072
0.1025473672817922
0.09953362248335507
0.09655992398894975
0.09362656916594558
0.09073385134738243
0.08788205980262953
0.0850714797084669
0.08230239212055979
0.07957507394536051
0.07688979791241468
0.07424683254708603
0.07164644214371046
0.06908888673915947
0.06657442208684411
0.06410329963113237
0.061675766482212346
0.05929206539137427
0.05695243472674172
0.05465710844943217
0.05240631609015911
0.050200282726284295
0.04803922895930418
0.045923370892796245
0.04385292011080233
0.04182808365667601
0.039849064012376145
0.037916059078216435
0.03602926215308094
0.03418886191508852
0.032395042402730556
0.030647982996462153
0.02894785840076941
0.027294838626693796
0.02568908897483585
0.024130770018823244
0.02262003758925185
0.021157042758106703
-0.9802580681763492
-0.9816251537042007
-0.9829440771180352
-0.9842147065266096
-0.9854369148680425
-0.9866105799225182
-0.9877355843245086
-0.9888118155745118
-0.9898391660502992
-0.9908175330176798
-0.9917468186407715
-0.9926269299917871
-0.9934577790603247
-0.9942392827621693
-0.9949713629476027
-0.9956539464092158
-0.9962869648892319
-0.9968703550863298
-0.9974040586619766
-0.997888022246259
-0.9983221974432224
-0.9987065408357083
-0.9990410139896981
-0.9993255834581551
-0.9995602207843695
-0.9997449025048044
-0.9998796101514413
-0.9999643302536281
-0.9999990543394252
-0.9999837789364527
-0.9999185055722384
-0.9998032407740641
-0.9996379960683138
-0.9994227879793204
-0.9991576380277132
-0.9988425727282666
-0.9984776235872479
-0.998062827099267
-0.9975982247436272
-0.9970838629801769
-0.9965197932446639
-0.9959060719435913
-0.9952427604485783
-0.994529925090221
-0.9937676371514619
-0.9929559728604591
-0.9920950133829654
-0.9911848448142117
-0.9902255581702955
-0.9892172493790825
-0.9881600192706109
-0.9870539735670114
-0.9858992228719317
-0.9846958826594798
-0.9834440732626735
-0.9821439198614097
-0.9807955524699454
-0.9793991059238953
-0.9779547198667512
-0.9764625387359142
-0.9749227117482548
-0.9733353928851879
-0.9717007408772771
-0.9700189191883619
-0.9682900959992085
-0.966514444190696
-0.9646921413265246
-0.9628233696354634
-0.9609083159931229
-0.9589471719032727
-0.9569401334786862
-0.954887401421534
-0.9527891810033119
-0.9506456820443119
-0.948457118892645
-0.946223710402801
-0.9439456799137693
-0.9416232552266991
-0.9392566685821242
-0.9368461566367381
-0.9343919604397246
-0.9318943254086602
-0.9293535013049647
-0.9267697422089332
-0.9241433064943199
-0.9214744568025097
-0.918763460016246
-0.9160105872329489
-0.9132161137376039
-0.9103803189752298
-0.9075034865229415
-0.9045859040615851
-0.9016278633469774
-0.8986296601807227
-0.8955915943806412
-0.8925139697507791
-0.889397094051036
-0.8862412789663853
-0.8830468400757034
-0.8798140968202198
-0.8765433724715637
-0.8732349940994467
-0.8698892925389468
-0.8665066023574328
-0.8630872618211056
-0.8596316128611667
-0.8561400010396351
-0.8526127755147805
-0.8490502890062186
-0.8454528977596292
-0.8418209615111416
-0.8381548434513514
-0.8344549101890109
-0.8307215317143641
-0.8269550813621451
-0.8231559357742528
0.18067552513792257
0.18453891823147994
0.18843385717033212
0.19235995246382837
0.19631681150571373
0.20030403861338003
0.20432123506743782
0.2083679991515921
0.21244392619280394
0.21654860860176872
0.22068163591366313
0.2248425948292031
0.22903106925596312
0.23324664034998932
0.23748888655768835
0.2417573836579715
0.24605170480468896
0.2503714205693015
0.25471609898383557
0.2590853055840671
0.26347860345298024
0.2678955532644476
0.27233571332716716
0.276798639628836
0.2812838858805399
0.2857910035613944
0.29031954196338433
0.29486904823644644
0.2994390674337413
0.30402914255716096
0.30863881460301634
0.3132676226079426
0.31791510369500003
0.32258079311994936
0.3272642243177395
0.3319649289491502
0.3366824369476389
0.34141627656633533
0.3461659744252208
0.35093105555847076
0.35571104346193955
0.3605054601408234
0.36531382615744645
0.3701356606792173
0.37497048152669865
0.3798178052218381
0.3846771470363039
0.3895480210399622
0.39442994014947536
0.399322416176997
0.404224959879005
0.40913708100521107
0.4140582883475995
0.4189880897895336
0.4239259923549808
0.4288715022577977
0.4338241249511135
0.43878336517678956
0.4437487270149325
0.4487197139334998
0.4536958288379386
0.4586765741209086
0.46366145171203055
0.4686499631276974
0.4736416095209284
0.4786358917312402
0.4836323103345773
0.48863036569323953
0.4936295580058595
0.49862938735736845
0.5036293537690013
0.5086289572482816
0.5136276978390262
0.5186250756713449
0.5236205910116156
0.5286137443124707
0.5336040362627374
0.538590967837383
0.5435740403474021
0.5485527554896997
0.553526615396909
0.558495122687182
0.5634577805139339
0.568414092615514
0.5733635633648458
0.5783056978189756
0.5832400017685796
0.5881659817873732
0.5930831452814579
0.5979910005385851
0.6028890567773155
0.6077768241961107
0.6126538140222981
0.617519538560963
0.6223735112437027
0.6272152466772972
0.6320442606922364
0.6368600703911412
0.6416621941970583
0.6464501519016054
0.6512234647130053
0.6559816553039515
0.6607242478593532
0.6654507681239037
0.6701607434495187
0.6748537028425889
0.6795291770110842
0.684186698411487
0.6888258012955355
0.6934460217568105
0.6980468977771125
0.702627969272677
0.7071887781401703
0.7117288683025048
0.7162477857544507
0.7207450786080255
-0.27477970286230535
-0.27032700617466854
-0.2658972765950192
-0.261490957092627
-0.25710848829576705
-0.25275030844766866
-0.24841685336268626
-0.24410855638271417
-0.23982584833386317
-0.2355691574833662
-0.2313389094967641
-0.22713552739532733
-0.22295943151376618
-0.2188110394581858
-0.2146907660643363
-0.2105990233561249
-0.20653622050440978
-0.20250276378609333
-0.19849905654348327
-0.19452549914397033
-0.19058248893998037
-0.18667042022924935
-0.18278968421538966
-0.17894066896876604
-0.1751237593876983
-0.1713393371599612
-0.16758778072462643
-0.16386946523420864
-0.16018476251716085
-0.1565340410406817
-0.15291766587387773
-0.14933599865125335
-0.14578939753654357
-0.14227821718690686
-0.13880280871744977
-0.13536351966612542
-0.1319606939589706
-0.12859467187572265
-0.12526579001578253
-0.12197438126456339
-0.11872077476019866
-0.11550529586062508
-0.1123282661110554
-0.10919000321181482
-0.10609082098658024
-0.10303102935098934
-0.10001093428165703
-0.09703083778557448
-0.0940910378699058
-0.09119182851219482
-0.08833349963095921
-0.0855163370567073
-0.0827406225033468
-0.08000663354002197
-0.07731464356334883
-0.07466492177008277
-0.07205773313019592
-0.06949333836037774
-0.0669719938979701
-0.06449395187531631
-0.06205946009455532
-0.05966876200283483
-0.05732209666797339
-0.05501969875454732
-0.05276179850043011
-0.050548621693766393
-0.04838038965039093
-0.04625731919170284
-0.044179622622977144
-0.04214750771214082
-0.04016117766899008
-0.03822083112487473
-0.03632666211283292
-0.034478860048185955
-0.032677609709601874
-0.030923091220612098
-0.02921548003160479
-0.027554946902274613
-0.025941657884551883
-0.02437577430599286
-0.022857452753650975
-0.021386845058416815
-0.019964098279833364
-0.018589354691393833
-0.01726275176631048
-0.015984422163771217
-0.014754493715670225
-0.013573089413828121
-0.012440327397689854
-0.011356320942513431
-0.01032117844804148
-0.009335003427659971
-0.008397894498049951
-0.007509945369322701
-0.006671244835651846
-0.005881876766391181
-0.005141920097690156
-0.004451448824599302
-0.0038105319936699855
-0.0032192336960516488
-0.002677613061080941
-0.0021857242503703356
-0.0017436164523906839
-0.0013513338775537065
-0.001008915753789641
-0.0007163963226256564
-0.0004738048357612601
-0.0002811655521428036
-0.0001384977355381456
-0.00004581565261008169
-3.1285714896522876e-6
-0.000010440760849383945
-0.00006775148947646414
-0.00017505502634579395
-0.00033234064119314066
-0.0005395926055879463
-0.0007967901945066247
0.9988960923115955
0.9985390856242118
0.9981322254437135
0.9976755524557795
0.9971691123273283
0.9966129557019507
0.9960071381948454
0.9953517203872588
0.9946467678204249
0.9938923509890136
0.9930885453340786
0.9922354312355164
0.991333094004025
0.990381623872576
0.9893811159873902
0.9883316703984215
0.9872333920493552
0.9860863907671098
0.9848907812508589
0.9836466830605568
0.9823542206049867
0.981013523129316
0.9796247247021757
0.9781879642022515
0.9767033853043954
0.9751711364652607
0.9735913709084536
0.9719642466092144
0.970289926278616
0.9685685773472966
0.9668003719487157
0.9649854869019383
0.9631241036939578
0.9612164084615429
0.9592625919726282
0.9572628496072331
0.955217381337929
0.953126391709837
0.9509900898201782
0.9488086892973617
0.9465824082796209
0.9443114693932037
0.9419960997301046
0.9396365308253621
0.937232998633899
0.9347857435069328
0.9322950101679353
0.9297610476881657
0.9271841094617612
0.9245644531803952
0.9219023408075145
0.9191980385521363
0.9164518168422344
0.9136639502976893
0.9108347177028333
0.9079644019785691
0.9050532901540751
0.9021016733381102
0.8991098466898939
0.8960781093896002
0.8930067646084305
0.8898961194783055
0.886746485061144
0.8835581763177639
0.8803315120763839
0.8770668150007372
0.8737644115578127
0.8704246319852007
0.8670478102580774
0.8636342840557993
0.8601843947281445
0.856698487261168
0.8531769102427135
0.8496200158275489
0.8460281597021493
0.8424017010491367
0.8387410025113516
0.8350464301556
0.8313183534360359
0.8275571451572259
0.8237631814368649
0.8199368416681606
0.816078508481904
0.8121885677081957
0.8082674083378742
0.8043154224836063
0.8003330053406867
0.7963205551475083
0.7922784731457482
0.7882071635402395
0.7841070334585469
0.7799784929102653
0.7758219547460057
0.7716378346161239
0.7674265509291431
0.7631885248099256
0.7589241800575486
0.7546339431029354
0.7503182429662075
0.7459775112137794
0.7416121819152119
0.7372226915997944
0.7328094792129032
0.7283729860720964
0.7239136558229926
0.7194319343949023
0.71492826995623
0.7104031128696702
0.705856915647157
0.7012901329046277
0.6967032213165475
0.692096639570256
0.687470848320086
0.682826310141309
0.6781634894838744
0.6734828526259588
-0.33121513237264927
-0.33592999571736804
-0.34066126592578894
-0.34540846987483703
-0.3501711328480701
-0.35494877858316315
-0.35974092931952223
-0.3645471058460655
-0.36936682754914885
-0.3741996124606149
-0.37904497730600334
-0.3839024375528639
-0.3887715074592233
-0.3936517001221467
-0.3985425275264328
-0.4034435005934204
-0.40835412922988346
-0.41327392237705396
-0.4182023880597135
-0.4231390334354044
-0.42808336484369935
-0.4330348878555814
-0.43799310732287383
-0.44295752742775996
-0.44792765173236987
-0.45290298322841127
-0.4578830243868842
-0.46286727720781934
-0.46785524327009165
-0.4728464237812479
-0.4778403196274
-0.48283643142312294
-0.48783425956139886
-0.49283330426358235
-0.4978330656293655
-0.5028330436867817
-0.5078327384421883
-0.5128316499302797
-0.5178292782640711
-0.5228251236848921
-0.5278186866123671
-0.5328094676943613
-0.537796967856929
-0.5427806883542066
-0.547760130818301
-0.5527347973091118
-0.5577041903641389
-0.5626678130482163
-0.5676251690032101
-0.5725757624976595
-0.577519098476337
-0.5824546826097676
-0.5873820213436475
-0.5923006219482129
-0.5972099925674985
-0.6021096422685374
-0.6069990810904404
-0.6118778200933982
-0.6167453714075797
-0.6216012482819061
-0.6264449651327401
-0.6312760375924296
-0.6360939825577578
-0.6408983182382416
-0.6456885642043148
-0.6504642414353758
-0.6552248723676781
-0.659969980942099
-0.664699092651732
-0.6694117345893501
-0.6741074354946837
-0.6787857258015584
-0.6834461376848406
-0.6880882051072239
-0.6927114638658378
-0.6973154516386559
-0.7018997080307408
-0.70646377462027
-0.7110071950043915
-0.7155295148448497
-0.7200302819134323
-0.7245090461371816
-0.7289653596434057
-0.733398776804471
-0.7378088542823525
-0.7421951510729807
-0.7465572285503288
-0.750894650510287
-0.7552069832142725
-0.7594937954326066
-0.7637546584876431
-0.7679891462966243
-0.7721968354143007
-0.7763773050752643
-0.7805301372360354
-0.7846549166168557
-0.7887512307432276
-0.7928186699871502
-0.7968568276080875
-0.8008652997936453
-0.8048436856999425
-0.8087915874917067
-0.8127086103820458
-0.8165943626719377
-0.8204484557893889
-0.8242705043283018
-0.8280601260870066
-0.8318169421064838
-0.8355405767082649
-0.8392306575319899
-0.8428868155726545
-0.8465086852174986
-0.8500959042825784
-0.8536481140489756
-0.8571649592986723
-0.860646088350077
0.1359088469068172
0.13250019097561117
0.12912828471905996
0.12579346532497693
0.12249606627252485
0.11923641729885881
0.11601484436616094
0.11283166962904101
0.10968721140231791
0.10658178412919606
0.10351569834981278
0.10048926067019315
0.09750277373158084
0.09455653618018328
0.09165084263729817
0.08878598366985957
0.08596224576137773
0.0831799112832885
0.08043925846672295
0.077740561374677
0.07508408987461285
0.07247010961146488
0.06989888198108207
0.06737066410408565
0.06488570880015465
0.062444264562750484
0.06004657553426063
0.057692881481591574
0.05538341777218547
0.05311841535049039
0.05089810071485934
0.04872269589490652
0.04659241842930184
0.044507481344015054
0.042468093131018736
0.0404744577274333
0.03852677449513914
0.036625238200835075
0.034770038996567165
0.03296136240070868
0.03119938927941257
0.029484295828523244
0.027816253555955295
0.026195429264547265
0.024621985035376326
0.023096078211555404
0.02161786138249422
0.020187482368644316
0.01880508420671556
0.017470805135371303
0.0161847785814076
0.014947133146407332
0.013757992593883439
0.012617475836899428
0.011525696926181384
0.010482765038709763
0.009488784466804623
0.00854385460769519
0.007648069953579195
0.006801520082176271
0.006004289647767502
0.00525645837273242
0.004558101039574991
0.003909287483446877
0.003310082585162688
0.002760546264713115
0.0022607334752724473
0.0018106941977027446
0.0014104734355570026
0.0010601112105776966
0.0007596425586955946
0.0005090975265252817
0.00030850116836134145
0.00015787354367235995
0.000057229715095308276
6.57974692913621e-6
5.928704128521645e-6
0.00005527665179710928
0.00015461865518129336
0.0003039447801635453
0.0005032400942557858
0.0007524846680927455
0.0010516535774245939
0.001400716905609889
0.0017996397466065184
0.002248382208463018
0.002746899417306825
0.003295141521832967
0.0038930536982872965
0.004540576155950993
0.005237644143117615
0.005984187953569087
0.006780132933547012
0.007625399489216089
0.008519903094625747
0.00946355430016027
0.01045625874148609
0.011497917148986014
0.012588425357686894
0.013727674317677518
0.014915550105010333
0.016151933933097384
0.017436702164585316
0.01876972632372248
0.020150873109202938
0.02158000440750002
0.02305697730667433
0.024581644110666268
0.026153852354067086
0.02777344481736138
0.02944025954265378
0.031154129849859435
0.03291488435337714
0.03472234697922261
0.03657633698264068
0.038476668966175465
0.040423152898211356
-0.9575844058680212
-0.9555462065749869
-0.9534624530409148
-0.9513333536394235
-0.9491591212786774
-0.9469399733801014
-0.9446761318566369
-0.9423678230905481
-0.9400152779107899
-0.9376187315699178
-0.9351784237205707
-0.932694598391498
-0.9301675039631649
-0.9275973931429061
-0.9249845229396632
-0.9223291546382797
-0.9196315537733711
-0.9168919901027781
-0.9141107375805826
-0.9112880743297213
-0.9084242826141649
-0.9055196488107004
-0.9025744633802857
-0.8995890208390107
-0.8965636197286426
-0.8934985625867691
-0.8903941559165524
-0.8872507101560703
-0.8840685396472816
-0.8808479626045831
-0.8775893010829963
-0.8742928809459591
-0.8709590318327358
-0.867588087125462
-0.8641803839157967
-0.8607362629712237
-0.857256068700965
-0.8537401491215498
-0.8501888558220037
-0.8466025439286984
-0.8429815720698361
-0.8393263023395825
-0.8356371002618672
-0.831914334753821
-0.8281583780888953
-0.8243696058596235
-0.8205483969400744
-0.8166951334479526
-0.8128102007063978
-0.8088939872054479
-0.8049468845631871
-0.8009692874865928
-0.7969615937320553
-0.7929242040656133
-0.7888575222228659
-0.78476195486861
-0.7806379115561696
-0.7764858046864362
-0.7723060494666397
-0.7680990638688161
-0.7638652685880222
-0.759605087000255
-0.7553189451201261
-0.7510072715582488
-0.7466704974783875
-0.7423090565543382
-0.7379233849265554
-0.7335139211585503
-0.7290811061930221
-0.7246253833077765
-0.7201471980713856
-0.7156469982986431
-0.7111252340057774
-0.7065823573654467
-0.7020188226615325
-0.697435086243699
-0.6928316064817713
-0.6882088437198864
-0.6835672602304713
-0.6789073201680037
-0.6742294895226083
-0.669534236073453
-0.6648220293419667
-0.6600933405448992
-0.6553486425471862
-0.6505884098146768
-0.6458131183666743
-0.6410232457283473
-0.6362192708829648
-0.6314016742240096
-0.6265709375071348
-0.6217275438019829
-0.616871977443892
-0.6120047239854478
-0.6071262701479438
-0.6022371037726949
-0.597337713772266
-0.5924285900815761
-0.5875102236088999
-0.5825831061867895
-0.5776477305228777
-0.5727045901506216
-0.5677541793799356
-0.562796993247775
-0.5578335274686185
-0.5528642783849096
-0.5478897429174173
-0.5429104185155397
-0.5379268031075707
-0.5329393950508947
-0.527948693082165
-0.5229551962674156
-0.5179594039521705
-0.5129618157114947
-0.5079629313000491
-0.5029632506021111